G3dErrFileVersion 2025R1
FlagFileMetaData Begin
   Mesh Size - Setup1, Refinement, Pass #1, Freq. 9.150000e+08 :Title    
   Listing of mesh elements with poor quality. :ToolTip  
   hf3d :Author   
   1761267564 :TimeStamp
   mm :UnitName 
   1.0000000000000000e-03 :UnitConv
FlagFileMetaData End
BEGIN_ERR 
26 Small mesh segment detected on body : Cylinder1
 Small mesh segment detected on body : Cylinder1 
 Segment Statistics - Number of Segments : 1 --- Segment length(s) : 0.035000mm. The cutoff frequency for S-Matrix Only Solve is 731.201117073171kHz 
2 -1  1082  # nfids, fids[]
2 98  -1  # nbids, bids[]
      5 2 1 0 #ntets ntri ned npts
           5.8399437693151124e-01   2.3209251096961081e+00   3.5000000000000003e-02 #xyz tv0
           5.8399437693151124e-01   2.3209251096961117e+00   0.0000000000000000e+00 #xyz tv1
           2.6868656217494222e+00   3.0528108522149071e+00   0.0000000000000000e+00 #xyz tv2
           0.0000000000000000e+00   4.0727782149999889e+00   0.0000000000000000e+00 -1 98 #xyz tv3 fid bid
           5.8399437693151124e-01   2.3209251096961081e+00   3.5000000000000003e-02 #xyz tv0
           5.8399437693151124e-01   2.3209251096961117e+00   0.0000000000000000e+00 #xyz tv1
           2.6203687658504875e+00   9.1199617462764404e-01   3.5000000000000003e-02 #xyz tv2
           2.6868656217494222e+00   3.0528108522149071e+00   0.0000000000000000e+00 -1 98 #xyz tv3 fid bid
           5.8399437693151124e-01   2.3209251096961081e+00   3.5000000000000003e-02 #xyz tv0
           0.0000000000000000e+00   4.0727782149999889e+00   0.0000000000000000e+00 #xyz tv1
          -2.1968905395405396e+00   1.3530627039653640e+00   3.5000000000000003e-02 #xyz tv2
           5.8399437693151124e-01   2.3209251096961117e+00   0.0000000000000000e+00 -1 98 #xyz tv3 fid bid
           5.8399437693151124e-01   2.3209251096961081e+00   3.5000000000000003e-02 #xyz tv0
           2.6203687658504875e+00   9.1199617462764404e-01   3.5000000000000003e-02 #xyz tv1
           5.8399437693151124e-01   2.3209251096961117e+00   0.0000000000000000e+00 #xyz tv2
          -1.8345956053337956e-01  -6.3851481719199604e-02   3.5000000000000003e-02 -1 98 #xyz tv3 fid bid
          -1.8345956053337956e-01  -6.3851481719199604e-02   3.5000000000000003e-02 #xyz tv0
           5.8399437693151124e-01   2.3209251096961081e+00   3.5000000000000003e-02 #xyz tv1
          -2.1968905395405396e+00   1.3530627039653640e+00   3.5000000000000003e-02 #xyz tv2
           5.8399437693151124e-01   2.3209251096961117e+00   0.0000000000000000e+00 -1 98 #xyz tv3 fid bid
          -2.1968905395405396e+00   1.3530627039653640e+00   3.5000000000000003e-02 #xyz tv0
           5.8399437693151124e-01   2.3209251096961117e+00   0.0000000000000000e+00 #xyz tv1
           5.8399437693151124e-01   2.3209251096961081e+00   3.5000000000000003e-02 1082 -1 #xyz tv2 fid bid
           5.8399437693151124e-01   2.3209251096961081e+00   3.5000000000000003e-02 #xyz tv0
           5.8399437693151124e-01   2.3209251096961117e+00   0.0000000000000000e+00 #xyz tv1
           2.6868656217494222e+00   3.0528108522149071e+00   0.0000000000000000e+00 1082 -1 #xyz tv2 fid bid
           5.8399437693151124e-01   2.3209251096961117e+00   0.0000000000000000e+00 #xyz ev0
           5.8399437693151124e-01   2.3209251096961081e+00   3.5000000000000003e-02 -1 98 #xyz ev1 fid bid
   0   0.000000000000e+00   0.000000000000e+00   0.000000000000e+00 #flag location
END_ERR 
G3dErrFileVersion 2025R1
FlagFileMetaData Begin
   Mesh Size - Setup1, Refinement, Pass #2, Freq. 9.150000e+08 :Title    
   Listing of mesh elements with poor quality. :ToolTip  
   hf3d :Author   
   1761267567 :TimeStamp
   mm :UnitName 
   1.0000000000000000e-03 :UnitConv
FlagFileMetaData End
BEGIN_ERR 
26 Small mesh segment detected on body : Cylinder1
 Small mesh segment detected on body : Cylinder1 
 Segment Statistics - Number of Segments : 1 --- Segment length(s) : 0.035000mm. The cutoff frequency for S-Matrix Only Solve is 731.201117073171kHz 
2 -1  1082  # nfids, fids[]
2 98  -1  # nbids, bids[]
      5 2 1 0 #ntets ntri ned npts
           5.8399437693151124e-01   2.3209251096961081e+00   3.5000000000000003e-02 #xyz tv0
           5.8399437693151124e-01   2.3209251096961117e+00   0.0000000000000000e+00 #xyz tv1
           2.6779033522369895e+00   3.0496916135582728e+00   0.0000000000000000e+00 #xyz tv2
          -1.9976795273718793e-02   4.3360910298322715e+00  -3.6134269122452086e-16 -1 98 #xyz tv3 fid bid
           5.8399437693151124e-01   2.3209251096961081e+00   3.5000000000000003e-02 #xyz tv0
           5.8399437693151124e-01   2.3209251096961117e+00   0.0000000000000000e+00 #xyz tv1
           2.6203687658504875e+00   9.1199617462764404e-01   3.5000000000000003e-02 #xyz tv2
           2.6779033522369895e+00   3.0496916135582728e+00   0.0000000000000000e+00 -1 98 #xyz tv3 fid bid
           5.8399437693151124e-01   2.3209251096961081e+00   3.5000000000000003e-02 #xyz tv0
          -1.9976795273718793e-02   4.3360910298322715e+00  -3.6134269122452086e-16 #xyz tv1
          -2.1968905395405396e+00   1.3530627039653640e+00   3.5000000000000003e-02 #xyz tv2
           5.8399437693151124e-01   2.3209251096961117e+00   0.0000000000000000e+00 -1 98 #xyz tv3 fid bid
           5.8399437693151124e-01   2.3209251096961081e+00   3.5000000000000003e-02 #xyz tv0
           2.6203687658504875e+00   9.1199617462764404e-01   3.5000000000000003e-02 #xyz tv1
           5.8399437693151124e-01   2.3209251096961117e+00   0.0000000000000000e+00 #xyz tv2
          -1.8345956053337956e-01  -6.3851481719199604e-02   3.5000000000000003e-02 -1 98 #xyz tv3 fid bid
          -1.8345956053337956e-01  -6.3851481719199604e-02   3.5000000000000003e-02 #xyz tv0
           5.8399437693151124e-01   2.3209251096961081e+00   3.5000000000000003e-02 #xyz tv1
          -2.1968905395405396e+00   1.3530627039653640e+00   3.5000000000000003e-02 #xyz tv2
           5.8399437693151124e-01   2.3209251096961117e+00   0.0000000000000000e+00 -1 98 #xyz tv3 fid bid
          -2.1968905395405396e+00   1.3530627039653640e+00   3.5000000000000003e-02 #xyz tv0
           5.8399437693151124e-01   2.3209251096961117e+00   0.0000000000000000e+00 #xyz tv1
           5.8399437693151124e-01   2.3209251096961081e+00   3.5000000000000003e-02 1082 -1 #xyz tv2 fid bid
           5.8399437693151124e-01   2.3209251096961081e+00   3.5000000000000003e-02 #xyz tv0
           5.8399437693151124e-01   2.3209251096961117e+00   0.0000000000000000e+00 #xyz tv1
           2.6779033522369895e+00   3.0496916135582728e+00   0.0000000000000000e+00 1082 -1 #xyz tv2 fid bid
           5.8399437693151124e-01   2.3209251096961117e+00   0.0000000000000000e+00 #xyz ev0
           5.8399437693151124e-01   2.3209251096961081e+00   3.5000000000000003e-02 -1 98 #xyz ev1 fid bid
   0   0.000000000000e+00   0.000000000000e+00   0.000000000000e+00 #flag location
END_ERR 
G3dErrFileVersion 2025R1
FlagFileMetaData Begin
   Mesh Size - Setup1, Refinement, Pass #3, Freq. 9.150000e+08 :Title    
   Listing of mesh elements with poor quality. :ToolTip  
   hf3d :Author   
   1761267570 :TimeStamp
   mm :UnitName 
   1.0000000000000000e-03 :UnitConv
FlagFileMetaData End
BEGIN_ERR 
26 Small mesh segment detected on body : Cylinder1
 Small mesh segment detected on body : Cylinder1 
 Segment Statistics - Number of Segments : 1 --- Segment length(s) : 0.035000mm. The cutoff frequency for S-Matrix Only Solve is 731.201117073171kHz 
2 -1  1082  # nfids, fids[]
2 98  -1  # nbids, bids[]
      5 2 1 0 #ntets ntri ned npts
           5.8399437693151124e-01   2.3209251096961081e+00   3.5000000000000003e-02 #xyz tv0
           5.8399437693151124e-01   2.3209251096961117e+00   0.0000000000000000e+00 #xyz tv1
           2.6745971149996675e+00   3.0485409069225984e+00   0.0000000000000000e+00 #xyz tv2
           3.5716763112789812e-01   5.3976144987368819e+00  -3.9752515311876480e-16 -1 98 #xyz tv3 fid bid
           5.8399437693151124e-01   2.3209251096961081e+00   3.5000000000000003e-02 #xyz tv0
           5.8399437693151124e-01   2.3209251096961117e+00   0.0000000000000000e+00 #xyz tv1
           2.6203687658504875e+00   9.1199617462764404e-01   3.5000000000000003e-02 #xyz tv2
           2.6745971149996675e+00   3.0485409069225984e+00   0.0000000000000000e+00 -1 98 #xyz tv3 fid bid
           5.8399437693151124e-01   2.3209251096961081e+00   3.5000000000000003e-02 #xyz tv0
           3.5716763112789812e-01   5.3976144987368819e+00  -3.9752515311876480e-16 #xyz tv1
          -2.1968905395405396e+00   1.3530627039653640e+00   3.5000000000000003e-02 #xyz tv2
           5.8399437693151124e-01   2.3209251096961117e+00   0.0000000000000000e+00 -1 98 #xyz tv3 fid bid
           5.8399437693151124e-01   2.3209251096961081e+00   3.5000000000000003e-02 #xyz tv0
           2.6203687658504875e+00   9.1199617462764404e-01   3.5000000000000003e-02 #xyz tv1
           5.8399437693151124e-01   2.3209251096961117e+00   0.0000000000000000e+00 #xyz tv2
          -1.8345956053337956e-01  -6.3851481719199604e-02   3.5000000000000003e-02 -1 98 #xyz tv3 fid bid
          -1.8345956053337956e-01  -6.3851481719199604e-02   3.5000000000000003e-02 #xyz tv0
           5.8399437693151124e-01   2.3209251096961081e+00   3.5000000000000003e-02 #xyz tv1
          -2.1968905395405396e+00   1.3530627039653640e+00   3.5000000000000003e-02 #xyz tv2
           5.8399437693151124e-01   2.3209251096961117e+00   0.0000000000000000e+00 -1 98 #xyz tv3 fid bid
          -2.1968905395405396e+00   1.3530627039653640e+00   3.5000000000000003e-02 #xyz tv0
           5.8399437693151124e-01   2.3209251096961117e+00   0.0000000000000000e+00 #xyz tv1
           5.8399437693151124e-01   2.3209251096961081e+00   3.5000000000000003e-02 1082 -1 #xyz tv2 fid bid
           5.8399437693151124e-01   2.3209251096961081e+00   3.5000000000000003e-02 #xyz tv0
           5.8399437693151124e-01   2.3209251096961117e+00   0.0000000000000000e+00 #xyz tv1
           2.6745971149996675e+00   3.0485409069225984e+00   0.0000000000000000e+00 1082 -1 #xyz tv2 fid bid
           5.8399437693151124e-01   2.3209251096961117e+00   0.0000000000000000e+00 #xyz ev0
           5.8399437693151124e-01   2.3209251096961081e+00   3.5000000000000003e-02 -1 98 #xyz ev1 fid bid
   0   0.000000000000e+00   0.000000000000e+00   0.000000000000e+00 #flag location
END_ERR 
G3dErrFileVersion 2025R1
FlagFileMetaData Begin
   Mesh Size - Setup1, Refinement, Pass #4, Freq. 9.150000e+08 :Title    
   Listing of mesh elements with poor quality. :ToolTip  
   hf3d :Author   
   1761267573 :TimeStamp
   mm :UnitName 
   1.0000000000000000e-03 :UnitConv
FlagFileMetaData End
BEGIN_ERR 
26 Small mesh segment detected on body : Cylinder1
 Small mesh segment detected on body : Cylinder1 
 Segment Statistics - Number of Segments : 1 --- Segment length(s) : 0.035000mm. The cutoff frequency for S-Matrix Only Solve is 731.201117073171kHz 
2 -1  1082  # nfids, fids[]
2 98  -1  # nbids, bids[]
      5 2 1 0 #ntets ntri ned npts
           5.8399437693151124e-01   2.3209251096961081e+00   3.5000000000000003e-02 #xyz tv0
           5.8399437693151124e-01   2.3209251096961117e+00   0.0000000000000000e+00 #xyz tv1
           2.6730779435816601e+00   3.0480121727435456e+00   0.0000000000000000e+00 #xyz tv2
           7.1564259486185811e-01   5.1250347833333585e+00  -3.2348618195873912e-16 -1 98 #xyz tv3 fid bid
           5.8399437693151124e-01   2.3209251096961081e+00   3.5000000000000003e-02 #xyz tv0
           5.8399437693151124e-01   2.3209251096961117e+00   0.0000000000000000e+00 #xyz tv1
           2.6203687658504875e+00   9.1199617462764404e-01   3.5000000000000003e-02 #xyz tv2
           2.6730779435816601e+00   3.0480121727435456e+00   0.0000000000000000e+00 -1 98 #xyz tv3 fid bid
           5.8399437693151124e-01   2.3209251096961081e+00   3.5000000000000003e-02 #xyz tv0
           2.6203687658504875e+00   9.1199617462764404e-01   3.5000000000000003e-02 #xyz tv1
           5.8399437693151124e-01   2.3209251096961117e+00   0.0000000000000000e+00 #xyz tv2
          -1.8345956053337956e-01  -6.3851481719199604e-02   3.5000000000000003e-02 -1 98 #xyz tv3 fid bid
          -1.8345956053337956e-01  -6.3851481719199604e-02   3.5000000000000003e-02 #xyz tv0
           5.8399437693151124e-01   2.3209251096961081e+00   3.5000000000000003e-02 #xyz tv1
          -2.1968905395405396e+00   1.3530627039653640e+00   3.5000000000000003e-02 #xyz tv2
           5.8399437693151124e-01   2.3209251096961117e+00   0.0000000000000000e+00 -1 98 #xyz tv3 fid bid
           5.8399437693151124e-01   2.3209251096961081e+00   3.5000000000000003e-02 #xyz tv0
           7.1564259486185811e-01   5.1250347833333585e+00  -3.2348618195873912e-16 #xyz tv1
          -2.1968905395405396e+00   1.3530627039653640e+00   3.5000000000000003e-02 #xyz tv2
           5.8399437693151124e-01   2.3209251096961117e+00   0.0000000000000000e+00 -1 98 #xyz tv3 fid bid
          -2.1968905395405396e+00   1.3530627039653640e+00   3.5000000000000003e-02 #xyz tv0
           5.8399437693151124e-01   2.3209251096961117e+00   0.0000000000000000e+00 #xyz tv1
           5.8399437693151124e-01   2.3209251096961081e+00   3.5000000000000003e-02 1082 -1 #xyz tv2 fid bid
           5.8399437693151124e-01   2.3209251096961081e+00   3.5000000000000003e-02 #xyz tv0
           5.8399437693151124e-01   2.3209251096961117e+00   0.0000000000000000e+00 #xyz tv1
           2.6730779435816601e+00   3.0480121727435456e+00   0.0000000000000000e+00 1082 -1 #xyz tv2 fid bid
           5.8399437693151124e-01   2.3209251096961117e+00   0.0000000000000000e+00 #xyz ev0
           5.8399437693151124e-01   2.3209251096961081e+00   3.5000000000000003e-02 -1 98 #xyz ev1 fid bid
   0   0.000000000000e+00   0.000000000000e+00   0.000000000000e+00 #flag location
END_ERR 
G3dErrFileVersion 2025R1
FlagFileMetaData Begin
   Mesh Size - Setup1, Refinement, Pass #5, Freq. 9.150000e+08 :Title    
   Listing of mesh elements with poor quality. :ToolTip  
   hf3d :Author   
   1761267577 :TimeStamp
   mm :UnitName 
   1.0000000000000000e-03 :UnitConv
FlagFileMetaData End
BEGIN_ERR 
26 Small mesh segment detected on body : Cylinder1
 Small mesh segment detected on body : Cylinder1 
 Segment Statistics - Number of Segments : 1 --- Segment length(s) : 0.035000mm. The cutoff frequency for S-Matrix Only Solve is 731.201117073171kHz 
2 -1  1082  # nfids, fids[]
2 98  -1  # nbids, bids[]
      6 2 1 0 #ntets ntri ned npts
           5.8399437693151124e-01   2.3209251096961081e+00   3.5000000000000003e-02 #xyz tv0
          -9.1724813795485227e-01   3.5390738508089292e+00  -1.6707342446233925e-16 #xyz tv1
           5.8399437693151124e-01   2.3209251096961117e+00   0.0000000000000000e+00 #xyz tv2
           8.3279762576780891e-01   5.3153905871605929e+00  -2.9253780645983593e-16 -1 98 #xyz tv3 fid bid
           5.8399437693151124e-01   2.3209251096961081e+00   3.5000000000000003e-02 #xyz tv0
           5.8399437693151124e-01   2.3209251096961117e+00   0.0000000000000000e+00 #xyz tv1
          -9.1724813795485227e-01   3.5390738508089292e+00  -1.6707342446233925e-16 #xyz tv2
          -2.1968905395405396e+00   1.3530627039653640e+00   3.5000000000000003e-02 -1 98 #xyz tv3 fid bid
           5.8399437693151124e-01   2.3209251096961081e+00   3.5000000000000003e-02 #xyz tv0
           5.8399437693151124e-01   2.3209251096961117e+00   0.0000000000000000e+00 #xyz tv1
           2.6723291670093863e+00   3.0477515676784810e+00   0.0000000000000000e+00 #xyz tv2
           8.3279762576780891e-01   5.3153905871605929e+00  -2.9253780645983593e-16 -1 98 #xyz tv3 fid bid
          -1.8345956053337956e-01  -6.3851481719199604e-02   3.5000000000000003e-02 #xyz tv0
           5.8399437693151124e-01   2.3209251096961081e+00   3.5000000000000003e-02 #xyz tv1
          -2.1968905395405396e+00   1.3530627039653640e+00   3.5000000000000003e-02 #xyz tv2
           5.8399437693151124e-01   2.3209251096961117e+00   0.0000000000000000e+00 -1 98 #xyz tv3 fid bid
           5.8399437693151124e-01   2.3209251096961081e+00   3.5000000000000003e-02 #xyz tv0
           5.8399437693151124e-01   2.3209251096961117e+00   0.0000000000000000e+00 #xyz tv1
           2.6203687658504875e+00   9.1199617462764404e-01   3.5000000000000003e-02 #xyz tv2
           2.6723291670093863e+00   3.0477515676784810e+00   0.0000000000000000e+00 -1 98 #xyz tv3 fid bid
           5.8399437693151124e-01   2.3209251096961081e+00   3.5000000000000003e-02 #xyz tv0
           2.6203687658504875e+00   9.1199617462764404e-01   3.5000000000000003e-02 #xyz tv1
           5.8399437693151124e-01   2.3209251096961117e+00   0.0000000000000000e+00 #xyz tv2
          -1.8345956053337956e-01  -6.3851481719199604e-02   3.5000000000000003e-02 -1 98 #xyz tv3 fid bid
          -2.1968905395405396e+00   1.3530627039653640e+00   3.5000000000000003e-02 #xyz tv0
           5.8399437693151124e-01   2.3209251096961117e+00   0.0000000000000000e+00 #xyz tv1
           5.8399437693151124e-01   2.3209251096961081e+00   3.5000000000000003e-02 1082 -1 #xyz tv2 fid bid
           5.8399437693151124e-01   2.3209251096961081e+00   3.5000000000000003e-02 #xyz tv0
           5.8399437693151124e-01   2.3209251096961117e+00   0.0000000000000000e+00 #xyz tv1
           2.6723291670093863e+00   3.0477515676784810e+00   0.0000000000000000e+00 1082 -1 #xyz tv2 fid bid
           5.8399437693151124e-01   2.3209251096961117e+00   0.0000000000000000e+00 #xyz ev0
           5.8399437693151124e-01   2.3209251096961081e+00   3.5000000000000003e-02 -1 98 #xyz ev1 fid bid
   0   0.000000000000e+00   0.000000000000e+00   0.000000000000e+00 #flag location
END_ERR 
G3dErrFileVersion 2025R1
FlagFileMetaData Begin
   Mesh Size - Setup1, Refinement, Pass #6, Freq. 9.150000e+08 :Title    
   Listing of mesh elements with poor quality. :ToolTip  
   hf3d :Author   
   1761267580 :TimeStamp
   mm :UnitName 
   1.0000000000000000e-03 :UnitConv
FlagFileMetaData End
BEGIN_ERR 
26 Small mesh segment detected on body : Cylinder1
 Small mesh segment detected on body : Cylinder1 
 Segment Statistics - Number of Segments : 1 --- Segment length(s) : 0.035000mm. The cutoff frequency for S-Matrix Only Solve is 731.201117073171kHz 
2 -1  1082  # nfids, fids[]
2 98  -1  # nbids, bids[]
      7 2 1 0 #ntets ntri ned npts
           1.5212319450849591e+01   7.4121843034837482e+00   0.0000000000000000e+00 #xyz tv0
           1.8694161448927606e+01   8.6240086233874198e+00   3.5000000000000003e-02 #xyz tv1
           1.7120258868868525e+01   1.0396255499005925e+01  -3.0362249754765889e-17 #xyz tv2
           1.8694161448927602e+01   8.6240086233874234e+00   0.0000000000000000e+00 -1 98 #xyz tv3 fid bid
           1.7120258868868525e+01   1.0396255499005925e+01  -3.0362249754765889e-17 #xyz tv0
           1.8694161448927606e+01   8.6240086233874198e+00   3.5000000000000003e-02 #xyz tv1
           1.9750706844414520e+01   1.1417666397734164e+01  -7.3775901547204543e-18 #xyz tv2
           1.8694161448927602e+01   8.6240086233874234e+00   0.0000000000000000e+00 -1 98 #xyz tv3 fid bid
           1.8694161448927602e+01   8.6240086233874234e+00   0.0000000000000000e+00 #xyz tv0
           1.8694161448927606e+01   8.6240086233874198e+00   3.5000000000000003e-02 #xyz tv1
           1.6547736758692253e+01   5.7592934527827451e+00   3.5000000000000003e-02 #xyz tv2
           1.5212319450849591e+01   7.4121843034837482e+00   0.0000000000000000e+00 -1 98 #xyz tv3 fid bid
           1.9750706844414520e+01   1.1417666397734164e+01  -7.3775901547204543e-18 #xyz tv0
           1.8694161448927606e+01   8.6240086233874198e+00   3.5000000000000003e-02 #xyz tv1
           2.0768413656041151e+01   9.3459337628916241e+00   3.5000000000000003e-02 #xyz tv2
           1.8694161448927602e+01   8.6240086233874234e+00   0.0000000000000000e+00 -1 98 #xyz tv3 fid bid
           1.8694161448927606e+01   8.6240086233874198e+00   3.5000000000000003e-02 #xyz tv0
           1.6547736758692253e+01   5.7592934527827451e+00   3.5000000000000003e-02 #xyz tv1
           1.8627664593710762e+01   6.4831939441480975e+00   3.5000000000000003e-02 #xyz tv2
           1.8694161448927602e+01   8.6240086233874234e+00   0.0000000000000000e+00 -1 98 #xyz tv3 fid bid
           1.8694161448927602e+01   8.6240086233874234e+00   0.0000000000000000e+00 #xyz tv0
           2.0768413656041151e+01   9.3459337628916241e+00   3.5000000000000003e-02 #xyz tv1
           2.0707592428729274e+01   7.2070944355134525e+00   3.5000000000000003e-02 #xyz tv2
           1.8694161448927606e+01   8.6240086233874198e+00   3.5000000000000003e-02 -1 98 #xyz tv3 fid bid
           1.8627664593710762e+01   6.4831939441480975e+00   3.5000000000000003e-02 #xyz tv0
           1.8694161448927602e+01   8.6240086233874234e+00   0.0000000000000000e+00 #xyz tv1
           2.0707592428729274e+01   7.2070944355134525e+00   3.5000000000000003e-02 #xyz tv2
           1.8694161448927606e+01   8.6240086233874198e+00   3.5000000000000003e-02 -1 98 #xyz tv3 fid bid
           1.8694161448927602e+01   8.6240086233874234e+00   0.0000000000000000e+00 #xyz tv0
           1.8694161448927606e+01   8.6240086233874198e+00   3.5000000000000003e-02 #xyz tv1
           1.5212319450849591e+01   7.4121843034837482e+00   0.0000000000000000e+00 1082 -1 #xyz tv2 fid bid
           1.8694161448927602e+01   8.6240086233874234e+00   0.0000000000000000e+00 #xyz tv0
           2.0768413656041151e+01   9.3459337628916241e+00   3.5000000000000003e-02 #xyz tv1
           1.8694161448927606e+01   8.6240086233874198e+00   3.5000000000000003e-02 1082 -1 #xyz tv2 fid bid
           1.8694161448927602e+01   8.6240086233874234e+00   0.0000000000000000e+00 #xyz ev0
           1.8694161448927606e+01   8.6240086233874198e+00   3.5000000000000003e-02 -1 98 #xyz ev1 fid bid
   0   0.000000000000e+00   0.000000000000e+00   0.000000000000e+00 #flag location
END_ERR 
BEGIN_ERR 
26 Small mesh segment detected on body : Cylinder1
 Small mesh segment detected on body : Cylinder1 
 Segment Statistics - Number of Segments : 1 --- Segment length(s) : 0.035000mm. The cutoff frequency for S-Matrix Only Solve is 731.201117073171kHz 
2 -1  1082  # nfids, fids[]
2 98  -1  # nbids, bids[]
      6 2 1 0 #ntets ntri ned npts
           1.0170120504501676e+00   3.8098482696660616e+00  -1.4308933344061136e-16 #xyz tv0
          -9.1724813795485227e-01   3.5390738508089292e+00  -1.6707342446233925e-16 #xyz tv1
           5.8399437693151124e-01   2.3209251096961081e+00   3.5000000000000003e-02 #xyz tv2
           5.8399437693151124e-01   2.3209251096961117e+00   0.0000000000000000e+00 -1 98 #xyz tv3 fid bid
           2.6715697359260391e+00   3.0474872544050440e+00   3.5000000000000003e-02 #xyz tv0
           5.8399437693151124e-01   2.3209251096961117e+00   0.0000000000000000e+00 #xyz tv1
           1.0170120504501676e+00   3.8098482696660616e+00  -1.4308933344061136e-16 #xyz tv2
           5.8399437693151124e-01   2.3209251096961081e+00   3.5000000000000003e-02 -1 98 #xyz tv3 fid bid
           5.8399437693151124e-01   2.3209251096961081e+00   3.5000000000000003e-02 #xyz tv0
           5.8399437693151124e-01   2.3209251096961117e+00   0.0000000000000000e+00 #xyz tv1
          -9.1724813795485227e-01   3.5390738508089292e+00  -1.6707342446233925e-16 #xyz tv2
          -2.1968905395405396e+00   1.3530627039653640e+00   3.5000000000000003e-02 -1 98 #xyz tv3 fid bid
           2.6203687658504875e+00   9.1199617462764404e-01   3.5000000000000003e-02 #xyz tv0
           5.8399437693151124e-01   2.3209251096961117e+00   0.0000000000000000e+00 #xyz tv1
           2.6715697359260391e+00   3.0474872544050440e+00   3.5000000000000003e-02 #xyz tv2
           5.8399437693151124e-01   2.3209251096961081e+00   3.5000000000000003e-02 -1 98 #xyz tv3 fid bid
          -1.8345956053337956e-01  -6.3851481719199604e-02   3.5000000000000003e-02 #xyz tv0
           5.8399437693151124e-01   2.3209251096961081e+00   3.5000000000000003e-02 #xyz tv1
          -2.1968905395405396e+00   1.3530627039653640e+00   3.5000000000000003e-02 #xyz tv2
           5.8399437693151124e-01   2.3209251096961117e+00   0.0000000000000000e+00 -1 98 #xyz tv3 fid bid
           5.8399437693151124e-01   2.3209251096961081e+00   3.5000000000000003e-02 #xyz tv0
           2.6203687658504875e+00   9.1199617462764404e-01   3.5000000000000003e-02 #xyz tv1
           5.8399437693151124e-01   2.3209251096961117e+00   0.0000000000000000e+00 #xyz tv2
          -1.8345956053337956e-01  -6.3851481719199604e-02   3.5000000000000003e-02 -1 98 #xyz tv3 fid bid
          -2.1968905395405396e+00   1.3530627039653640e+00   3.5000000000000003e-02 #xyz tv0
           5.8399437693151124e-01   2.3209251096961117e+00   0.0000000000000000e+00 #xyz tv1
           5.8399437693151124e-01   2.3209251096961081e+00   3.5000000000000003e-02 1082 -1 #xyz tv2 fid bid
           5.8399437693151124e-01   2.3209251096961117e+00   0.0000000000000000e+00 #xyz tv0
           2.6715697359260391e+00   3.0474872544050440e+00   3.5000000000000003e-02 #xyz tv1
           5.8399437693151124e-01   2.3209251096961081e+00   3.5000000000000003e-02 1082 -1 #xyz tv2 fid bid
           5.8399437693151124e-01   2.3209251096961117e+00   0.0000000000000000e+00 #xyz ev0
           5.8399437693151124e-01   2.3209251096961081e+00   3.5000000000000003e-02 -1 98 #xyz ev1 fid bid
   0   0.000000000000e+00   0.000000000000e+00   0.000000000000e+00 #flag location
END_ERR 
