G3dErrFileVersion 2025R1
FlagFileMetaData Begin
   Mesh Size - Setup1, Refinement, Pass #1, Freq. 9.150000e+08 :Title    
   Listing of mesh elements with poor quality. :ToolTip  
   hf3d :Author   
   1761267689 :TimeStamp
   mm :UnitName 
   1.0000000000000000e-03 :UnitConv
FlagFileMetaData End
BEGIN_ERR 
26 Small mesh segment detected on body : Box1
 Small mesh segment detected on body : Box1 
 Segment Statistics - Number of Segments : 1 --- Segment length(s) : 0.011363mm. The cutoff frequency for S-Matrix Only Solve is 731.201117073171kHz 
3 -1  705  832  # nfids, fids[]
2 704  -1  # nbids, bids[]
      4 2 1 0 #ntets ntri ned npts
          -3.8399635670505219e+01   2.9124305822661434e+00   0.0000000000000000e+00 #xyz tv0
          -4.0316338467508203e+01   1.7022597988515804e+00   3.5000000000000003e-02 #xyz tv1
          -3.8399572391131471e+01   2.9115668172146538e+00   3.5000000000000003e-02 #xyz tv2
          -3.8398742159765426e+01   2.9002341380799224e+00   3.5000000000000003e-02 -1 704 #xyz tv3 fid bid
          -3.8399572391131471e+01   2.9115668172146538e+00   3.5000000000000003e-02 #xyz tv0
          -4.0316338467508203e+01   1.7022597988515804e+00   3.5000000000000003e-02 #xyz tv1
          -3.7309999999999988e+01   1.7409032149999895e+00   4.6637499999999870e+00 #xyz tv2
          -3.8398742159765426e+01   2.9002341380799224e+00   3.5000000000000003e-02 -1 704 #xyz tv3 fid bid
          -3.7309999999999988e+01   4.0727782149999889e+00  -1.2802259252708836e-14 #xyz tv0
          -3.8399572391131471e+01   2.9115668172146538e+00   3.5000000000000003e-02 #xyz tv1
          -3.8398742159765426e+01   2.9002341380799224e+00   3.5000000000000003e-02 #xyz tv2
          -3.8399635670505219e+01   2.9124305822661434e+00   0.0000000000000000e+00 -1 704 #xyz tv3 fid bid
          -3.7309999999999988e+01   4.0727782149999889e+00  -1.2802259252708836e-14 #xyz tv0
          -3.8398742159765426e+01   2.9002341380799224e+00   3.5000000000000003e-02 #xyz tv1
          -3.8399572391131471e+01   2.9115668172146538e+00   3.5000000000000003e-02 #xyz tv2
          -3.7309999999999988e+01   1.7409032149999895e+00   4.6637499999999870e+00 -1 704 #xyz tv3 fid bid
          -4.0316338467508203e+01   1.7022597988515804e+00   3.5000000000000003e-02 #xyz tv0
          -3.8399572391131471e+01   2.9115668172146538e+00   3.5000000000000003e-02 #xyz tv1
          -3.8398742159765426e+01   2.9002341380799224e+00   3.5000000000000003e-02 705 -1 #xyz tv2 fid bid
          -3.8398742159765426e+01   2.9002341380799224e+00   3.5000000000000003e-02 #xyz tv0
          -3.8399572391131471e+01   2.9115668172146538e+00   3.5000000000000003e-02 #xyz tv1
          -3.8399635670505219e+01   2.9124305822661434e+00   0.0000000000000000e+00 832 -1 #xyz tv2 fid bid
          -3.8399572391131471e+01   2.9115668172146538e+00   3.5000000000000003e-02 #xyz ev0
          -3.8398742159765426e+01   2.9002341380799224e+00   3.5000000000000003e-02 -1 704 #xyz ev1 fid bid
   0   0.000000000000e+00   0.000000000000e+00   0.000000000000e+00 #flag location
END_ERR 
G3dErrFileVersion 2025R1
FlagFileMetaData Begin
   Mesh Size - Setup1, Refinement, Pass #2, Freq. 9.150000e+08 :Title    
   Listing of mesh elements with poor quality. :ToolTip  
   hf3d :Author   
   1761267692 :TimeStamp
   mm :UnitName 
   1.0000000000000000e-03 :UnitConv
FlagFileMetaData End
BEGIN_ERR 
26 Small mesh segment detected on body : Box8
 Small mesh segment detected on body : Box8 
 Segment Statistics - Number of Segments : 1 --- Segment length(s) : 0.035000mm. The cutoff frequency for S-Matrix Only Solve is 731.201117073171kHz 
2 -1  1082  # nfids, fids[]
2 1077  -1  # nbids, bids[]
      6 2 1 0 #ntets ntri ned npts
          -4.2768183747185935e+00   6.2916221256636284e-01   0.0000000000000000e+00 #xyz tv0
          -1.2049978703332527e+00  -4.1938885323821984e-01   0.0000000000000000e+00 #xyz tv1
          -4.2768183747185962e+00   6.2916221256636384e-01   3.5000000000000003e-02 #xyz tv2
          -1.9654550340591164e+00   1.4336117849573218e+00   0.0000000000000000e+00 -1 1077 #xyz tv3 fid bid
          -4.2768183747185935e+00   6.2916221256636284e-01   0.0000000000000000e+00 #xyz tv0
          -4.2768183747185962e+00   6.2916221256636384e-01   3.5000000000000003e-02 #xyz tv1
          -1.2049978703332527e+00  -4.1938885323821984e-01   0.0000000000000000e+00 #xyz tv2
          -2.2633873969396601e+00  -7.8775196914690915e-01   3.5000000000000003e-02 -1 1077 #xyz tv3 fid bid
          -1.9654550340591164e+00   1.4336117849573218e+00   0.0000000000000000e+00 #xyz tv0
          -6.8936809145513243e+00   2.2374382414240555e+00  -2.9634859381270453e-15 #xyz tv1
          -4.2768183747185962e+00   6.2916221256636384e-01   3.5000000000000003e-02 #xyz tv2
          -4.2768183747185935e+00   6.2916221256636284e-01   0.0000000000000000e+00 -1 1077 #xyz tv3 fid bid
          -4.2768183747185962e+00   6.2916221256636384e-01   3.5000000000000003e-02 #xyz tv0
          -4.3433152320717978e+00  -1.5116524603687971e+00   3.5000000000000003e-02 #xyz tv1
          -2.2633873969396601e+00  -7.8775196914690915e-01   3.5000000000000003e-02 #xyz tv2
          -4.2768183747185935e+00   6.2916221256636284e-01   0.0000000000000000e+00 -1 1077 #xyz tv3 fid bid
          -4.2768183747185962e+00   6.2916221256636384e-01   3.5000000000000003e-02 #xyz tv0
          -8.1206106186463138e+00  -7.0863568904139229e-01   3.5000000000000003e-02 #xyz tv1
          -4.2768183747185935e+00   6.2916221256636284e-01   0.0000000000000000e+00 #xyz tv2
          -6.8936809145513243e+00   2.2374382414240555e+00  -2.9634859381270453e-15 -1 1077 #xyz tv3 fid bid
          -4.2768183747185962e+00   6.2916221256636384e-01   3.5000000000000003e-02 #xyz tv0
          -4.3433152320717978e+00  -1.5116524603687971e+00   3.5000000000000003e-02 #xyz tv1
          -4.2768183747185935e+00   6.2916221256636284e-01   0.0000000000000000e+00 #xyz tv2
          -8.1206106186463138e+00  -7.0863568904139229e-01   3.5000000000000003e-02 -1 1077 #xyz tv3 fid bid
          -4.2768183747185962e+00   6.2916221256636384e-01   3.5000000000000003e-02 #xyz tv0
          -4.2768183747185935e+00   6.2916221256636284e-01   0.0000000000000000e+00 #xyz tv1
          -1.9654550340591164e+00   1.4336117849573218e+00   0.0000000000000000e+00 1082 -1 #xyz tv2 fid bid
          -4.2768183747185962e+00   6.2916221256636384e-01   3.5000000000000003e-02 #xyz tv0
          -8.1206106186463138e+00  -7.0863568904139229e-01   3.5000000000000003e-02 #xyz tv1
          -4.2768183747185935e+00   6.2916221256636284e-01   0.0000000000000000e+00 1082 -1 #xyz tv2 fid bid
          -4.2768183747185962e+00   6.2916221256636384e-01   3.5000000000000003e-02 #xyz ev0
          -4.2768183747185935e+00   6.2916221256636284e-01   0.0000000000000000e+00 -1 1077 #xyz ev1 fid bid
   0   0.000000000000e+00   0.000000000000e+00   0.000000000000e+00 #flag location
END_ERR 
G3dErrFileVersion 2025R1
FlagFileMetaData Begin
   Mesh Size - Setup1, Refinement, Pass #3, Freq. 9.150000e+08 :Title    
   Listing of mesh elements with poor quality. :ToolTip  
   hf3d :Author   
   1761267695 :TimeStamp
   mm :UnitName 
   1.0000000000000000e-03 :UnitConv
FlagFileMetaData End
BEGIN_ERR 
26 Small mesh segment detected on body : Box8
 Small mesh segment detected on body : Box8 
 Segment Statistics - Number of Segments : 1 --- Segment length(s) : 0.035000mm. The cutoff frequency for S-Matrix Only Solve is 731.201117073171kHz 
2 -1  1082  # nfids, fids[]
2 1077  -1  # nbids, bids[]
      7 2 1 0 #ntets ntri ned npts
          -4.2768183747185935e+00   6.2916221256636296e-01   0.0000000000000000e+00 #xyz tv0
          -1.2430399781933259e+00  -4.3262907249095800e-01   0.0000000000000000e+00 #xyz tv1
          -4.2768183747185962e+00   6.2916221256636384e-01   3.5000000000000003e-02 #xyz tv2
          -1.9495563518659824e+00   1.4391451807098901e+00   0.0000000000000000e+00 -1 1077 #xyz tv3 fid bid
          -4.2768183747185935e+00   6.2916221256636296e-01   0.0000000000000000e+00 #xyz tv0
          -4.2768183747185962e+00   6.2916221256636384e-01   3.5000000000000003e-02 #xyz tv1
          -1.2430399781933259e+00  -4.3262907249095800e-01   0.0000000000000000e+00 #xyz tv2
          -2.2633873969396601e+00  -7.8775196914690915e-01   3.5000000000000003e-02 -1 1077 #xyz tv3 fid bid
          -4.2768183747185962e+00   6.2916221256636384e-01   3.5000000000000003e-02 #xyz tv0
          -3.1093472888632188e+00   4.4986781439331658e+00  -1.2908210455639422e-15 #xyz tv1
          -4.2768183747185935e+00   6.2916221256636296e-01   0.0000000000000000e+00 #xyz tv2
          -1.9495563518659824e+00   1.4391451807098901e+00   0.0000000000000000e+00 -1 1077 #xyz tv3 fid bid
          -4.2768183747185962e+00   6.2916221256636384e-01   3.5000000000000003e-02 #xyz tv0
          -4.3433152320717978e+00  -1.5116524603687971e+00   3.5000000000000003e-02 #xyz tv1
          -2.2633873969396601e+00  -7.8775196914690915e-01   3.5000000000000003e-02 #xyz tv2
          -4.2768183747185935e+00   6.2916221256636296e-01   0.0000000000000000e+00 -1 1077 #xyz tv3 fid bid
          -4.2768183747185962e+00   6.2916221256636384e-01   3.5000000000000003e-02 #xyz tv0
          -4.2768183747185935e+00   6.2916221256636296e-01   0.0000000000000000e+00 #xyz tv1
          -3.1093472888632188e+00   4.4986781439331658e+00  -1.2908210455639422e-15 #xyz tv2
          -6.7609363410737524e+00   2.8180358257127178e+00  -1.8020274874083678e-15 -1 1077 #xyz tv3 fid bid
          -4.2768183747185962e+00   6.2916221256636384e-01   3.5000000000000003e-02 #xyz tv0
          -4.3433152320717978e+00  -1.5116524603687971e+00   3.5000000000000003e-02 #xyz tv1
          -4.2768183747185935e+00   6.2916221256636296e-01   0.0000000000000000e+00 #xyz tv2
          -8.1206106186463138e+00  -7.0863568904139229e-01   3.5000000000000003e-02 -1 1077 #xyz tv3 fid bid
          -4.2768183747185962e+00   6.2916221256636384e-01   3.5000000000000003e-02 #xyz tv0
          -8.1206106186463138e+00  -7.0863568904139229e-01   3.5000000000000003e-02 #xyz tv1
          -4.2768183747185935e+00   6.2916221256636296e-01   0.0000000000000000e+00 #xyz tv2
          -6.7609363410737524e+00   2.8180358257127178e+00  -1.8020274874083678e-15 -1 1077 #xyz tv3 fid bid
          -4.2768183747185962e+00   6.2916221256636384e-01   3.5000000000000003e-02 #xyz tv0
          -4.2768183747185935e+00   6.2916221256636296e-01   0.0000000000000000e+00 #xyz tv1
          -1.9495563518659824e+00   1.4391451807098901e+00   0.0000000000000000e+00 1082 -1 #xyz tv2 fid bid
          -4.2768183747185962e+00   6.2916221256636384e-01   3.5000000000000003e-02 #xyz tv0
          -8.1206106186463138e+00  -7.0863568904139229e-01   3.5000000000000003e-02 #xyz tv1
          -4.2768183747185935e+00   6.2916221256636296e-01   0.0000000000000000e+00 1082 -1 #xyz tv2 fid bid
          -4.2768183747185962e+00   6.2916221256636384e-01   3.5000000000000003e-02 #xyz ev0
          -4.2768183747185935e+00   6.2916221256636296e-01   0.0000000000000000e+00 -1 1077 #xyz ev1 fid bid
   0   0.000000000000e+00   0.000000000000e+00   0.000000000000e+00 #flag location
END_ERR 
G3dErrFileVersion 2025R1
FlagFileMetaData Begin
   Mesh Size - Setup1, Refinement, Pass #4, Freq. 9.150000e+08 :Title    
   Listing of mesh elements with poor quality. :ToolTip  
   hf3d :Author   
   1761267698 :TimeStamp
   mm :UnitName 
   1.0000000000000000e-03 :UnitConv
FlagFileMetaData End
BEGIN_ERR 
26 Small mesh segment detected on body : Cylinder1
 Small mesh segment detected on body : Cylinder1 
 Segment Statistics - Number of Segments : 1 --- Segment length(s) : 0.035000mm. The cutoff frequency for S-Matrix Only Solve is 731.201117073171kHz 
2 -1  1082  # nfids, fids[]
2 98  -1  # nbids, bids[]
      8 2 1 0 #ntets ntri ned npts
           1.0151863859854998e+01   8.5398746330896103e+00  -4.9516186872608914e-16 #xyz tv0
           7.0107554967113686e+00   7.4959648188376011e+00  -2.0647905342669440e-15 #xyz tv1
           1.1730477453793847e+01   6.2003599805072325e+00   3.5000000000000003e-02 #xyz tv2
           1.1730477453793856e+01   6.2003599805072334e+00   0.0000000000000000e+00 -1 98 #xyz tv3 fid bid
           1.0151863859854998e+01   8.5398746330896103e+00  -4.9516186872608914e-16 #xyz tv0
           1.1730477453793847e+01   6.2003599805072325e+00   3.5000000000000003e-02 #xyz tv1
           1.2782310595824223e+01   1.0621936202015156e+01  -4.1268305668144181e-16 #xyz tv2
           1.1730477453793856e+01   6.2003599805072334e+00   0.0000000000000000e+00 -1 98 #xyz tv3 fid bid
           1.1730477453793856e+01   6.2003599805072334e+00   0.0000000000000000e+00 #xyz tv0
           7.0107554967113686e+00   7.4959648188376011e+00  -2.0647905342669440e-15 #xyz tv1
           1.1730477453793847e+01   6.2003599805072325e+00   3.5000000000000003e-02 #xyz tv2
           9.6505496186296078e+00   5.4764594893259027e+00   3.5000000000000003e-02 -1 98 #xyz tv3 fid bid
           1.2782310595824223e+01   1.0621936202015156e+01  -4.1268305668144181e-16 #xyz tv0
           1.5212319452130908e+01   7.4121842996971177e+00   3.5000000000000003e-02 #xyz tv1
           1.1730477453793856e+01   6.2003599805072334e+00   0.0000000000000000e+00 #xyz tv2
           1.1730477453793847e+01   6.2003599805072325e+00   3.5000000000000003e-02 -1 98 #xyz tv3 fid bid
           1.1657287729765569e+01   4.0572159149056990e+00   0.0000000000000000e+00 #xyz tv0
           1.1730477453793847e+01   6.2003599805072325e+00   3.5000000000000003e-02 #xyz tv1
           9.6505496186296078e+00   5.4764594893259027e+00   3.5000000000000003e-02 #xyz tv2
           1.1730477453793856e+01   6.2003599805072334e+00   0.0000000000000000e+00 -1 98 #xyz tv3 fid bid
           1.1730477453793856e+01   6.2003599805072334e+00   0.0000000000000000e+00 #xyz tv0
           1.5212319452130908e+01   7.4121842996971177e+00   3.5000000000000003e-02 #xyz tv1
           1.3743908431429073e+01   4.7834457991420480e+00   3.5000000000000003e-02 #xyz tv2
           1.1730477453793847e+01   6.2003599805072325e+00   3.5000000000000003e-02 -1 98 #xyz tv3 fid bid
           1.1657287729765569e+01   4.0572159149056990e+00   0.0000000000000000e+00 #xyz tv0
           1.3717136965303636e+01   4.7741282270842191e+00   0.0000000000000000e+00 #xyz tv1
           1.1730477453793847e+01   6.2003599805072325e+00   3.5000000000000003e-02 #xyz tv2
           1.1730477453793856e+01   6.2003599805072334e+00   0.0000000000000000e+00 -1 98 #xyz tv3 fid bid
           1.1730477453793856e+01   6.2003599805072334e+00   0.0000000000000000e+00 #xyz tv0
           1.3743908431429073e+01   4.7834457991420480e+00   3.5000000000000003e-02 #xyz tv1
           1.3717136965303636e+01   4.7741282270842191e+00   0.0000000000000000e+00 #xyz tv2
           1.1730477453793847e+01   6.2003599805072325e+00   3.5000000000000003e-02 -1 98 #xyz tv3 fid bid
           1.1730477453793847e+01   6.2003599805072325e+00   3.5000000000000003e-02 #xyz tv0
           9.6505496186296078e+00   5.4764594893259027e+00   3.5000000000000003e-02 #xyz tv1
           1.1730477453793856e+01   6.2003599805072334e+00   0.0000000000000000e+00 1082 -1 #xyz tv2 fid bid
           1.1730477453793856e+01   6.2003599805072334e+00   0.0000000000000000e+00 #xyz tv0
           1.5212319452130908e+01   7.4121842996971177e+00   3.5000000000000003e-02 #xyz tv1
           1.1730477453793847e+01   6.2003599805072325e+00   3.5000000000000003e-02 1082 -1 #xyz tv2 fid bid
           1.1730477453793856e+01   6.2003599805072334e+00   0.0000000000000000e+00 #xyz ev0
           1.1730477453793847e+01   6.2003599805072325e+00   3.5000000000000003e-02 -1 98 #xyz ev1 fid bid
   0   0.000000000000e+00   0.000000000000e+00   0.000000000000e+00 #flag location
END_ERR 
G3dErrFileVersion 2025R1
FlagFileMetaData Begin
   Mesh Size - Setup1, Refinement, Pass #5, Freq. 9.150000e+08 :Title    
   Listing of mesh elements with poor quality. :ToolTip  
   hf3d :Author   
   1761267702 :TimeStamp
   mm :UnitName 
   1.0000000000000000e-03 :UnitConv
FlagFileMetaData End
BEGIN_ERR 
26 Small mesh segment detected on body : Cylinder1
 Small mesh segment detected on body : Cylinder1 
 Segment Statistics - Number of Segments : 1 --- Segment length(s) : 0.035000mm. The cutoff frequency for S-Matrix Only Solve is 731.201117073171kHz 
2 -1  1082  # nfids, fids[]
2 98  -1  # nbids, bids[]
      7 2 1 0 #ntets ntri ned npts
           1.8694161450467952e+01   8.6240086188870002e+00   3.5000000000000003e-02 #xyz tv0
           1.8888725050061883e+01   1.1308891732577592e+01  -1.3637186317935108e-17 #xyz tv1
           1.5738236023146092e+01   9.6229724104510783e+00  -2.0634152834072090e-16 #xyz tv2
           1.8694161450467956e+01   8.6240086188870002e+00   0.0000000000000000e+00 -1 98 #xyz tv3 fid bid
           1.5738236023146092e+01   9.6229724104510783e+00  -2.0634152834072090e-16 #xyz tv0
           1.5212319452130910e+01   7.4121842996971177e+00   0.0000000000000000e+00 #xyz tv1
           1.8694161450467952e+01   8.6240086188870002e+00   3.5000000000000003e-02 #xyz tv2
           1.8694161450467956e+01   8.6240086188870002e+00   0.0000000000000000e+00 -1 98 #xyz tv3 fid bid
           1.8694161450467956e+01   8.6240086188870002e+00   0.0000000000000000e+00 #xyz tv0
           1.8694161450467952e+01   8.6240086188870002e+00   3.5000000000000003e-02 #xyz tv1
           1.8888725050061883e+01   1.1308891732577592e+01  -1.3637186317935108e-17 #xyz tv2
           2.0844607696335608e+01   9.3724524193517098e+00   3.5000000000000003e-02 -1 98 #xyz tv3 fid bid
           1.8694161450467956e+01   8.6240086188870002e+00   0.0000000000000000e+00 #xyz tv0
           1.8694161450467952e+01   8.6240086188870002e+00   3.5000000000000003e-02 #xyz tv1
           1.6547736757783099e+01   5.7592934552318011e+00   3.5000000000000003e-02 #xyz tv2
           1.5212319452130910e+01   7.4121842996971177e+00   0.0000000000000000e+00 -1 98 #xyz tv3 fid bid
           1.8694161450467956e+01   8.6240086188870002e+00   0.0000000000000000e+00 #xyz tv0
           2.2109506591224385e+01   7.6950182657204564e+00   3.5000000000000003e-02 #xyz tv1
           1.8694161450467952e+01   8.6240086188870002e+00   3.5000000000000003e-02 #xyz tv2
           2.0844607696335608e+01   9.3724524193517098e+00   3.5000000000000003e-02 -1 98 #xyz tv3 fid bid
           1.8694161450467952e+01   8.6240086188870002e+00   3.5000000000000003e-02 #xyz tv0
           1.6547736757783099e+01   5.7592934552318011e+00   3.5000000000000003e-02 #xyz tv1
           1.8627664592915242e+01   6.4831939464536905e+00   3.5000000000000003e-02 #xyz tv2
           1.8694161450467956e+01   8.6240086188870002e+00   0.0000000000000000e+00 -1 98 #xyz tv3 fid bid
           1.8627664592915242e+01   6.4831939464536905e+00   3.5000000000000003e-02 #xyz tv0
           1.8694161450467956e+01   8.6240086188870002e+00   0.0000000000000000e+00 #xyz tv1
           2.2109506591224385e+01   7.6950182657204564e+00   3.5000000000000003e-02 #xyz tv2
           1.8694161450467952e+01   8.6240086188870002e+00   3.5000000000000003e-02 -1 98 #xyz tv3 fid bid
           1.8694161450467956e+01   8.6240086188870002e+00   0.0000000000000000e+00 #xyz tv0
           1.8694161450467952e+01   8.6240086188870002e+00   3.5000000000000003e-02 #xyz tv1
           1.5212319452130910e+01   7.4121842996971177e+00   0.0000000000000000e+00 1082 -1 #xyz tv2 fid bid
           1.8694161450467956e+01   8.6240086188870002e+00   0.0000000000000000e+00 #xyz tv0
           2.0844607696335608e+01   9.3724524193517098e+00   3.5000000000000003e-02 #xyz tv1
           1.8694161450467952e+01   8.6240086188870002e+00   3.5000000000000003e-02 1082 -1 #xyz tv2 fid bid
           1.8694161450467956e+01   8.6240086188870002e+00   0.0000000000000000e+00 #xyz ev0
           1.8694161450467952e+01   8.6240086188870002e+00   3.5000000000000003e-02 -1 98 #xyz ev1 fid bid
   0   0.000000000000e+00   0.000000000000e+00   0.000000000000e+00 #flag location
END_ERR 
