G3dErrFileVersion 2025R1
FlagFileMetaData Begin
   Mesh Size - Setup1, Refinement, Pass #1, Freq. 9.150000e+08 :Title    
   Listing of mesh elements with poor quality. :ToolTip  
   hf3d :Author   
   1761268113 :TimeStamp
   mm :UnitName 
   1.0000000000000000e-03 :UnitConv
FlagFileMetaData End
BEGIN_ERR 
26 Small mesh segment detected on body : Box8
 Small mesh segment detected on body : Box8 
 Segment Statistics - Number of Segments : 1 --- Segment length(s) : 0.035000mm. The cutoff frequency for S-Matrix Only Solve is 731.201117073171kHz 
2 -1  1082  # nfids, fids[]
2 1077  -1  # nbids, bids[]
      8 2 1 0 #ntets ntri ned npts
           1.8659600422963063e+01   6.4943089350322332e+00   0.0000000000000000e+00 #xyz tv0
           2.0692147164993568e+01   7.2017188559774175e+00   0.0000000000000000e+00 #xyz tv1
           1.8694161448829391e+01   8.6240086236285638e+00   3.5000000000000003e-02 #xyz tv2
           1.8694161448829394e+01   8.6240086236285620e+00   0.0000000000000000e+00 -1 1077 #xyz tv3 fid bid
           1.8659600422963063e+01   6.4943089350322332e+00   0.0000000000000000e+00 #xyz tv0
           1.8694161448829391e+01   8.6240086236285638e+00   3.5000000000000003e-02 #xyz tv1
           1.8627664591256437e+01   6.4831939511965695e+00   3.5000000000000003e-02 #xyz tv2
           1.8694161448829394e+01   8.6240086236285620e+00   0.0000000000000000e+00 -1 1077 #xyz tv3 fid bid
           2.0774089283859414e+01   9.3479091149793856e+00   0.0000000000000000e+00 #xyz tv0
           1.8694161448829391e+01   8.6240086236285638e+00   3.5000000000000003e-02 #xyz tv1
           2.0692147164993568e+01   7.2017188559774175e+00   0.0000000000000000e+00 #xyz tv2
           1.8694161448829394e+01   8.6240086236285620e+00   0.0000000000000000e+00 -1 1077 #xyz tv3 fid bid
           1.8694161448829391e+01   8.6240086236285638e+00   3.5000000000000003e-02 #xyz tv0
           1.6547736756257223e+01   5.7592934598068419e+00   3.5000000000000003e-02 #xyz tv1
           1.8627664591256437e+01   6.4831939511965695e+00   3.5000000000000003e-02 #xyz tv2
           1.8694161448829394e+01   8.6240086236285620e+00   0.0000000000000000e+00 -1 1077 #xyz tv3 fid bid
           1.8694161448829391e+01   8.6240086236285638e+00   3.5000000000000003e-02 #xyz tv0
           2.0774089283859414e+01   9.3479091149793856e+00   0.0000000000000000e+00 #xyz tv1
           1.9820937499999992e+01   9.9024657149999875e+00   1.1659374999999912e+00 #xyz tv2
           1.8694161448829394e+01   8.6240086236285620e+00   0.0000000000000000e+00 -1 1077 #xyz tv3 fid bid
           1.8694161448829391e+01   8.6240086236285638e+00   3.5000000000000003e-02 #xyz tv0
           1.6614233613799378e+01   7.9001081322777420e+00   3.5000000000000003e-02 #xyz tv1
           1.6547736756257223e+01   5.7592934598068419e+00   3.5000000000000003e-02 #xyz tv2
           1.8694161448829394e+01   8.6240086236285620e+00   0.0000000000000000e+00 -1 1077 #xyz tv3 fid bid
           1.8694161448829391e+01   8.6240086236285638e+00   3.5000000000000003e-02 #xyz tv0
           1.0493437499999997e+01   1.1068403214999986e+01  -4.2674197509029455e-15 #xyz tv1
           1.8694161448829394e+01   8.6240086236285620e+00   0.0000000000000000e+00 #xyz tv2
           1.9820937499999992e+01   9.9024657149999875e+00   1.1659374999999912e+00 -1 1077 #xyz tv3 fid bid
           1.8694161448829391e+01   8.6240086236285638e+00   3.5000000000000003e-02 #xyz tv0
           1.0493437499999997e+01   1.1068403214999986e+01  -4.2674197509029455e-15 #xyz tv1
           1.6614233613799378e+01   7.9001081322777420e+00   3.5000000000000003e-02 #xyz tv2
           1.8694161448829394e+01   8.6240086236285620e+00   0.0000000000000000e+00 -1 1077 #xyz tv3 fid bid
           1.8694161448829394e+01   8.6240086236285620e+00   0.0000000000000000e+00 #xyz tv0
           2.0774089283859414e+01   9.3479091149793856e+00   0.0000000000000000e+00 #xyz tv1
           1.8694161448829391e+01   8.6240086236285638e+00   3.5000000000000003e-02 1082 -1 #xyz tv2 fid bid
           1.8694161448829394e+01   8.6240086236285620e+00   0.0000000000000000e+00 #xyz tv0
           1.8694161448829391e+01   8.6240086236285638e+00   3.5000000000000003e-02 #xyz tv1
           1.6614233613799378e+01   7.9001081322777420e+00   3.5000000000000003e-02 1082 -1 #xyz tv2 fid bid
           1.8694161448829391e+01   8.6240086236285638e+00   3.5000000000000003e-02 #xyz ev0
           1.8694161448829394e+01   8.6240086236285620e+00   0.0000000000000000e+00 -1 1077 #xyz ev1 fid bid
   0   0.000000000000e+00   0.000000000000e+00   0.000000000000e+00 #flag location
END_ERR 
G3dErrFileVersion 2025R1
FlagFileMetaData Begin
   Mesh Size - Setup1, Refinement, Pass #2, Freq. 9.150000e+08 :Title    
   Listing of mesh elements with poor quality. :ToolTip  
   hf3d :Author   
   1761268116 :TimeStamp
   mm :UnitName 
   1.0000000000000000e-03 :UnitConv
FlagFileMetaData End
BEGIN_ERR 
26 Small mesh segment detected on body : Cylinder1
 Small mesh segment detected on body : Cylinder1 
 Segment Statistics - Number of Segments : 1 --- Segment length(s) : 0.035000mm. The cutoff frequency for S-Matrix Only Solve is 731.201117073171kHz 
2 -1  1082  # nfids, fids[]
2 98  -1  # nbids, bids[]
      4 2 1 0 #ntets ntri ned npts
           1.8694161448829394e+01   8.6240086236285620e+00   0.0000000000000000e+00 #xyz tv0
           1.0273156694341186e+01   1.0351684473183260e+01  -2.1254230906985619e-15 #xyz tv1
           1.6614233613799378e+01   7.9001081322777420e+00   3.5000000000000003e-02 #xyz tv2
           1.6614233613799374e+01   7.9001081322777384e+00   0.0000000000000000e+00 -1 98 #xyz tv3 fid bid
           1.6614233613799378e+01   7.9001081322777420e+00   3.5000000000000003e-02 #xyz tv0
           1.0273156694341186e+01   1.0351684473183260e+01  -2.1254230906985619e-15 #xyz tv1
           1.3810405287418522e+01   6.9242604759569311e+00   3.5000000000000003e-02 #xyz tv2
           1.6614233613799374e+01   7.9001081322777384e+00   0.0000000000000000e+00 -1 98 #xyz tv3 fid bid
           1.8694161448829394e+01   8.6240086236285620e+00   0.0000000000000000e+00 #xyz tv0
           1.6614233613799378e+01   7.9001081322777420e+00   3.5000000000000003e-02 #xyz tv1
           1.6547736756257223e+01   5.7592934598068419e+00   3.5000000000000003e-02 #xyz tv2
           1.6614233613799374e+01   7.9001081322777384e+00   0.0000000000000000e+00 -1 98 #xyz tv3 fid bid
           1.6614233613799378e+01   7.9001081322777420e+00   3.5000000000000003e-02 #xyz tv0
           1.6547736756257223e+01   5.7592934598068419e+00   3.5000000000000003e-02 #xyz tv1
           1.6614233613799374e+01   7.9001081322777384e+00   0.0000000000000000e+00 #xyz tv2
           1.3810405287418522e+01   6.9242604759569311e+00   3.5000000000000003e-02 -1 98 #xyz tv3 fid bid
           1.6614233613799374e+01   7.9001081322777384e+00   0.0000000000000000e+00 #xyz tv0
           1.6614233613799378e+01   7.9001081322777420e+00   3.5000000000000003e-02 #xyz tv1
           1.3810405287418522e+01   6.9242604759569311e+00   3.5000000000000003e-02 1082 -1 #xyz tv2 fid bid
           1.6614233613799374e+01   7.9001081322777384e+00   0.0000000000000000e+00 #xyz tv0
           1.8694161448829394e+01   8.6240086236285620e+00   0.0000000000000000e+00 #xyz tv1
           1.6614233613799378e+01   7.9001081322777420e+00   3.5000000000000003e-02 1082 -1 #xyz tv2 fid bid
           1.6614233613799374e+01   7.9001081322777384e+00   0.0000000000000000e+00 #xyz ev0
           1.6614233613799378e+01   7.9001081322777420e+00   3.5000000000000003e-02 -1 98 #xyz ev1 fid bid
   0   0.000000000000e+00   0.000000000000e+00   0.000000000000e+00 #flag location
END_ERR 
G3dErrFileVersion 2025R1
FlagFileMetaData Begin
   Mesh Size - Setup1, Refinement, Pass #3, Freq. 9.150000e+08 :Title    
   Listing of mesh elements with poor quality. :ToolTip  
   hf3d :Author   
   1761268119 :TimeStamp
   mm :UnitName 
   1.0000000000000000e-03 :UnitConv
FlagFileMetaData End
BEGIN_ERR 
26 Small mesh segment detected on body : Cylinder1
 Small mesh segment detected on body : Cylinder1 
 Segment Statistics - Number of Segments : 1 --- Segment length(s) : 0.035000mm. The cutoff frequency for S-Matrix Only Solve is 731.201117073171kHz 
2 -1  1082  # nfids, fids[]
2 98  -1  # nbids, bids[]
      5 2 1 0 #ntets ntri ned npts
           5.8399437613198457e-01   2.3209251119922318e+00   3.5000000000000003e-02 #xyz tv0
           5.8399437613198457e-01   2.3209251119922318e+00   0.0000000000000000e+00 #xyz tv1
           2.6868656209176165e+00   3.0528108542328347e+00   0.0000000000000000e+00 #xyz tv2
           6.7139787029658904e-01   4.9568897302211079e+00  -1.3645780564805934e-16 -1 98 #xyz tv3 fid bid
           5.8399437613198457e-01   2.3209251119922318e+00   3.5000000000000003e-02 #xyz tv0
           5.8399437613198457e-01   2.3209251119922318e+00   0.0000000000000000e+00 #xyz tv1
           6.7139787029658904e-01   4.9568897302211079e+00  -1.3645780564805934e-16 #xyz tv2
          -2.1968905404932317e+00   1.3530627065612113e+00   3.5000000000000003e-02 -1 98 #xyz tv3 fid bid
           5.8399437613198457e-01   2.3209251119922318e+00   3.5000000000000003e-02 #xyz tv0
           5.8399437613198457e-01   2.3209251119922318e+00   0.0000000000000000e+00 #xyz tv1
           2.6203687634825350e+00   9.1199618146690398e-01   3.5000000000000003e-02 #xyz tv2
           2.6868656209176165e+00   3.0528108542328347e+00   0.0000000000000000e+00 -1 98 #xyz tv3 fid bid
          -1.8345956290640070e-01  -6.3851474923615315e-02   3.5000000000000003e-02 #xyz tv0
           5.8399437613198457e-01   2.3209251119922318e+00   3.5000000000000003e-02 #xyz tv1
          -2.1968905404932317e+00   1.3530627065612113e+00   3.5000000000000003e-02 #xyz tv2
           5.8399437613198457e-01   2.3209251119922318e+00   0.0000000000000000e+00 -1 98 #xyz tv3 fid bid
           5.8399437613198457e-01   2.3209251119922318e+00   3.5000000000000003e-02 #xyz tv0
           2.6203687634825350e+00   9.1199618146690398e-01   3.5000000000000003e-02 #xyz tv1
           5.8399437613198457e-01   2.3209251119922318e+00   0.0000000000000000e+00 #xyz tv2
          -1.8345956290640070e-01  -6.3851474923615315e-02   3.5000000000000003e-02 -1 98 #xyz tv3 fid bid
          -2.1968905404932317e+00   1.3530627065612113e+00   3.5000000000000003e-02 #xyz tv0
           5.8399437613198457e-01   2.3209251119922318e+00   0.0000000000000000e+00 #xyz tv1
           5.8399437613198457e-01   2.3209251119922318e+00   3.5000000000000003e-02 1082 -1 #xyz tv2 fid bid
           5.8399437613198457e-01   2.3209251119922318e+00   3.5000000000000003e-02 #xyz tv0
           5.8399437613198457e-01   2.3209251119922318e+00   0.0000000000000000e+00 #xyz tv1
           2.6868656209176165e+00   3.0528108542328347e+00   0.0000000000000000e+00 1082 -1 #xyz tv2 fid bid
           5.8399437613198457e-01   2.3209251119922318e+00   0.0000000000000000e+00 #xyz ev0
           5.8399437613198457e-01   2.3209251119922318e+00   3.5000000000000003e-02 -1 98 #xyz ev1 fid bid
   0   0.000000000000e+00   0.000000000000e+00   0.000000000000e+00 #flag location
END_ERR 
G3dErrFileVersion 2025R1
FlagFileMetaData Begin
   Mesh Size - Setup1, Refinement, Pass #4, Freq. 9.150000e+08 :Title    
   Listing of mesh elements with poor quality. :ToolTip  
   hf3d :Author   
   1761268122 :TimeStamp
   mm :UnitName 
   1.0000000000000000e-03 :UnitConv
FlagFileMetaData End
BEGIN_ERR 
26 Small mesh segment detected on body : Cylinder1
 Small mesh segment detected on body : Cylinder1 
 Segment Statistics - Number of Segments : 1 --- Segment length(s) : 0.035000mm. The cutoff frequency for S-Matrix Only Solve is 731.201117073171kHz 
2 -1  1082  # nfids, fids[]
2 98  -1  # nbids, bids[]
      6 2 1 0 #ntets ntri ned npts
           5.8399437613198457e-01   2.3209251119922318e+00   3.5000000000000003e-02 #xyz tv0
           5.8399437613198457e-01   2.3209251119922318e+00   0.0000000000000000e+00 #xyz tv1
           2.6868656209176165e+00   3.0528108542328347e+00   0.0000000000000000e+00 #xyz tv2
           6.7139787029658904e-01   4.9568897302211079e+00  -1.3645780564805934e-16 -1 98 #xyz tv3 fid bid
           5.8399437613198457e-01   2.3209251119922318e+00   0.0000000000000000e+00 #xyz tv0
           5.8399437613198457e-01   2.3209251119922318e+00   3.5000000000000003e-02 #xyz tv1
          -2.7395496298295230e+00   3.9071751243624235e+00   1.4277478991743491e+00 #xyz tv2
           6.7139787029658904e-01   4.9568897302211079e+00  -1.3645780564805934e-16 -1 98 #xyz tv3 fid bid
           5.8399437613198457e-01   2.3209251119922318e+00   3.5000000000000003e-02 #xyz tv0
           5.8399437613198457e-01   2.3209251119922318e+00   0.0000000000000000e+00 #xyz tv1
           2.6203687634825350e+00   9.1199618146690398e-01   3.5000000000000003e-02 #xyz tv2
           2.6868656209176165e+00   3.0528108542328347e+00   0.0000000000000000e+00 -1 98 #xyz tv3 fid bid
           5.8399437613198457e-01   2.3209251119922318e+00   0.0000000000000000e+00 #xyz tv0
          -2.7395496298295230e+00   3.9071751243624235e+00   1.4277478991743491e+00 #xyz tv1
           5.8399437613198457e-01   2.3209251119922318e+00   3.5000000000000003e-02 #xyz tv2
          -2.1968905404932317e+00   1.3530627065612113e+00   3.5000000000000003e-02 -1 98 #xyz tv3 fid bid
          -1.8345956290640070e-01  -6.3851474923615315e-02   3.5000000000000003e-02 #xyz tv0
           5.8399437613198457e-01   2.3209251119922318e+00   3.5000000000000003e-02 #xyz tv1
          -2.1968905404932317e+00   1.3530627065612113e+00   3.5000000000000003e-02 #xyz tv2
           5.8399437613198457e-01   2.3209251119922318e+00   0.0000000000000000e+00 -1 98 #xyz tv3 fid bid
           5.8399437613198457e-01   2.3209251119922318e+00   3.5000000000000003e-02 #xyz tv0
           2.6203687634825350e+00   9.1199618146690398e-01   3.5000000000000003e-02 #xyz tv1
           5.8399437613198457e-01   2.3209251119922318e+00   0.0000000000000000e+00 #xyz tv2
          -1.8345956290640070e-01  -6.3851474923615315e-02   3.5000000000000003e-02 -1 98 #xyz tv3 fid bid
          -2.1968905404932317e+00   1.3530627065612113e+00   3.5000000000000003e-02 #xyz tv0
           5.8399437613198457e-01   2.3209251119922318e+00   0.0000000000000000e+00 #xyz tv1
           5.8399437613198457e-01   2.3209251119922318e+00   3.5000000000000003e-02 1082 -1 #xyz tv2 fid bid
           5.8399437613198457e-01   2.3209251119922318e+00   3.5000000000000003e-02 #xyz tv0
           5.8399437613198457e-01   2.3209251119922318e+00   0.0000000000000000e+00 #xyz tv1
           2.6868656209176165e+00   3.0528108542328347e+00   0.0000000000000000e+00 1082 -1 #xyz tv2 fid bid
           5.8399437613198457e-01   2.3209251119922318e+00   0.0000000000000000e+00 #xyz ev0
           5.8399437613198457e-01   2.3209251119922318e+00   3.5000000000000003e-02 -1 98 #xyz ev1 fid bid
   0   0.000000000000e+00   0.000000000000e+00   0.000000000000e+00 #flag location
END_ERR 
G3dErrFileVersion 2025R1
FlagFileMetaData Begin
   Mesh Size - Setup1, Refinement, Pass #5, Freq. 9.150000e+08 :Title    
   Listing of mesh elements with poor quality. :ToolTip  
   hf3d :Author   
   1761268126 :TimeStamp
   mm :UnitName 
   1.0000000000000000e-03 :UnitConv
FlagFileMetaData End
BEGIN_ERR 
26 Small mesh segment detected on body : Cylinder1
 Small mesh segment detected on body : Cylinder1 
 Segment Statistics - Number of Segments : 1 --- Segment length(s) : 0.035000mm. The cutoff frequency for S-Matrix Only Solve is 731.201117073171kHz 
2 -1  1082  # nfids, fids[]
2 98  -1  # nbids, bids[]
      6 2 1 0 #ntets ntri ned npts
           7.8888045713262378e-01   4.6060902732531552e+00  -1.1447987069167449e-16 #xyz tv0
           5.8399437613198457e-01   2.3209251119922318e+00   0.0000000000000000e+00 #xyz tv1
          -1.0777776268487691e+00   3.1140501181773277e+00   7.3137394958717450e-01 #xyz tv2
           5.8399437613198457e-01   2.3209251119922318e+00   3.5000000000000003e-02 -1 98 #xyz tv3 fid bid
           5.8399437613198457e-01   2.3209251119922318e+00   3.5000000000000003e-02 #xyz tv0
           5.8399437613198457e-01   2.3209251119922318e+00   0.0000000000000000e+00 #xyz tv1
           2.6811297684787148e+00   3.0508145415103902e+00   0.0000000000000000e+00 #xyz tv2
           7.8888045713262378e-01   4.6060902732531552e+00  -1.1447987069167449e-16 -1 98 #xyz tv3 fid bid
           5.8399437613198457e-01   2.3209251119922318e+00   0.0000000000000000e+00 #xyz tv0
          -2.1968905404932317e+00   1.3530627065612113e+00   3.5000000000000003e-02 #xyz tv1
          -1.0777776268487691e+00   3.1140501181773277e+00   7.3137394958717450e-01 #xyz tv2
           5.8399437613198457e-01   2.3209251119922318e+00   3.5000000000000003e-02 -1 98 #xyz tv3 fid bid
           5.8399437613198457e-01   2.3209251119922318e+00   3.5000000000000003e-02 #xyz tv0
           5.8399437613198457e-01   2.3209251119922318e+00   0.0000000000000000e+00 #xyz tv1
           2.6203687634825350e+00   9.1199618146690398e-01   3.5000000000000003e-02 #xyz tv2
           2.6811297684787148e+00   3.0508145415103902e+00   0.0000000000000000e+00 -1 98 #xyz tv3 fid bid
          -1.8345956290640070e-01  -6.3851474923615315e-02   3.5000000000000003e-02 #xyz tv0
           5.8399437613198457e-01   2.3209251119922318e+00   3.5000000000000003e-02 #xyz tv1
          -2.1968905404932317e+00   1.3530627065612113e+00   3.5000000000000003e-02 #xyz tv2
           5.8399437613198457e-01   2.3209251119922318e+00   0.0000000000000000e+00 -1 98 #xyz tv3 fid bid
           5.8399437613198457e-01   2.3209251119922318e+00   3.5000000000000003e-02 #xyz tv0
           2.6203687634825350e+00   9.1199618146690398e-01   3.5000000000000003e-02 #xyz tv1
           5.8399437613198457e-01   2.3209251119922318e+00   0.0000000000000000e+00 #xyz tv2
          -1.8345956290640070e-01  -6.3851474923615315e-02   3.5000000000000003e-02 -1 98 #xyz tv3 fid bid
          -2.1968905404932317e+00   1.3530627065612113e+00   3.5000000000000003e-02 #xyz tv0
           5.8399437613198457e-01   2.3209251119922318e+00   0.0000000000000000e+00 #xyz tv1
           5.8399437613198457e-01   2.3209251119922318e+00   3.5000000000000003e-02 1082 -1 #xyz tv2 fid bid
           5.8399437613198457e-01   2.3209251119922318e+00   3.5000000000000003e-02 #xyz tv0
           5.8399437613198457e-01   2.3209251119922318e+00   0.0000000000000000e+00 #xyz tv1
           2.6811297684787148e+00   3.0508145415103902e+00   0.0000000000000000e+00 1082 -1 #xyz tv2 fid bid
           5.8399437613198457e-01   2.3209251119922318e+00   0.0000000000000000e+00 #xyz ev0
           5.8399437613198457e-01   2.3209251119922318e+00   3.5000000000000003e-02 -1 98 #xyz ev1 fid bid
   0   0.000000000000e+00   0.000000000000e+00   0.000000000000e+00 #flag location
END_ERR 
G3dErrFileVersion 2025R1
FlagFileMetaData Begin
   Mesh Size - Setup1, Refinement, Pass #6, Freq. 9.150000e+08 :Title    
   Listing of mesh elements with poor quality. :ToolTip  
   hf3d :Author   
   1761268131 :TimeStamp
   mm :UnitName 
   1.0000000000000000e-03 :UnitConv
FlagFileMetaData End
BEGIN_ERR 
26 Small mesh segment detected on body : Box8
 Small mesh segment detected on body : Box8 
 Segment Statistics - Number of Segments : 1 --- Segment length(s) : 0.035000mm. The cutoff frequency for S-Matrix Only Solve is 731.201117073171kHz 
2 -1  1082  # nfids, fids[]
2 1077  -1  # nbids, bids[]
      6 2 1 0 #ntets ntri ned npts
           3.0541601606681144e+01   1.2747405410322646e+01   3.5000000000000003e-02 #xyz tv0
           3.0599364386271255e+01   1.0649838206132848e+01   3.5000000000000003e-02 #xyz tv1
           3.2646249999999988e+01   1.3400278214999986e+01  -7.1123662515049091e-15 #xyz tv2
           3.0541601606681134e+01   1.2747405410322640e+01   0.0000000000000000e+00 -1 1077 #xyz tv3 fid bid
           3.2646249999999988e+01   1.3400278214999986e+01  -7.1123662515049091e-15 #xyz tv0
           3.2637306181403304e+01   1.3476796856418488e+01   0.0000000000000000e+00 #xyz tv1
           3.0541601606681144e+01   1.2747405410322646e+01   3.5000000000000003e-02 #xyz tv2
           3.0541601606681134e+01   1.2747405410322640e+01   0.0000000000000000e+00 -1 1077 #xyz tv3 fid bid
           3.0541601606681134e+01   1.2747405410322640e+01   0.0000000000000000e+00 #xyz tv0
           3.0541601606681144e+01   1.2747405410322646e+01   3.5000000000000003e-02 #xyz tv1
           2.7459435514965811e+01   1.4321781322313802e+01  -4.6430753084732743e-16 #xyz tv2
           3.0522009992783708e+01   1.5960566096655707e+01  -9.4271334562165738e-17 -1 1077 #xyz tv3 fid bid
           3.0541601606681144e+01   1.2747405410322646e+01   3.5000000000000003e-02 #xyz tv0
           3.0599364386271255e+01   1.0649838206132848e+01   3.5000000000000003e-02 #xyz tv1
           3.0541601606681134e+01   1.2747405410322640e+01   0.0000000000000000e+00 #xyz tv2
           2.7779835081756552e+01   1.1786196992069852e+01   3.5000000000000003e-02 -1 1077 #xyz tv3 fid bid
           3.0541601606681144e+01   1.2747405410322646e+01   3.5000000000000003e-02 #xyz tv0
           3.0522009992783708e+01   1.5960566096655707e+01  -9.4271334562165738e-17 #xyz tv1
           3.0541601606681134e+01   1.2747405410322640e+01   0.0000000000000000e+00 #xyz tv2
           3.2637306181403304e+01   1.3476796856418488e+01   0.0000000000000000e+00 -1 1077 #xyz tv3 fid bid
           3.0541601606681134e+01   1.2747405410322640e+01   0.0000000000000000e+00 #xyz tv0
           2.7459435514965811e+01   1.4321781322313802e+01  -4.6430753084732743e-16 #xyz tv1
           3.0541601606681144e+01   1.2747405410322646e+01   3.5000000000000003e-02 #xyz tv2
           2.7779835081756552e+01   1.1786196992069852e+01   3.5000000000000003e-02 -1 1077 #xyz tv3 fid bid
           3.0541601606681134e+01   1.2747405410322640e+01   0.0000000000000000e+00 #xyz tv0
           3.0541601606681144e+01   1.2747405410322646e+01   3.5000000000000003e-02 #xyz tv1
           2.7779835081756552e+01   1.1786196992069852e+01   3.5000000000000003e-02 1082 -1 #xyz tv2 fid bid
           3.2637306181403304e+01   1.3476796856418488e+01   0.0000000000000000e+00 #xyz tv0
           3.0541601606681144e+01   1.2747405410322646e+01   3.5000000000000003e-02 #xyz tv1
           3.0541601606681134e+01   1.2747405410322640e+01   0.0000000000000000e+00 1082 -1 #xyz tv2 fid bid
           3.0541601606681134e+01   1.2747405410322640e+01   0.0000000000000000e+00 #xyz ev0
           3.0541601606681144e+01   1.2747405410322646e+01   3.5000000000000003e-02 -1 1077 #xyz ev1 fid bid
   0   0.000000000000e+00   0.000000000000e+00   0.000000000000e+00 #flag location
END_ERR 
BEGIN_ERR 
26 Small mesh segment detected on body : Cylinder1
 Small mesh segment detected on body : Cylinder1 
 Segment Statistics - Number of Segments : 1 --- Segment length(s) : 0.035000mm. The cutoff frequency for S-Matrix Only Solve is 731.201117073171kHz 
2 -1  1082  # nfids, fids[]
2 98  -1  # nbids, bids[]
      7 2 1 0 #ntets ntri ned npts
           1.7259118763830839e+00   3.7859964603486373e+00  -5.6390557133460009e-17 #xyz tv0
           5.8399437613198457e-01   2.3209251119922318e+00   3.5000000000000003e-02 #xyz tv1
           5.8399437613198457e-01   2.3209251119922318e+00   0.0000000000000000e+00 #xyz tv2
           6.4888157253315071e-01   4.5908578189492868e+00  -1.0333688770473825e-16 -1 98 #xyz tv3 fid bid
           2.6759410887374240e+00   3.0490086674070103e+00   3.5000000000000003e-02 #xyz tv0
           5.8399437613198457e-01   2.3209251119922318e+00   0.0000000000000000e+00 #xyz tv1
           1.7259118763830839e+00   3.7859964603486373e+00  -5.6390557133460009e-17 #xyz tv2
           5.8399437613198457e-01   2.3209251119922318e+00   3.5000000000000003e-02 -1 98 #xyz tv3 fid bid
           6.4888157253315071e-01   4.5908578189492868e+00  -1.0333688770473825e-16 #xyz tv0
          -6.9226963535011743e-01   3.1824846078860807e+00  -3.0151718915546842e-17 #xyz tv1
           5.8399437613198457e-01   2.3209251119922318e+00   3.5000000000000003e-02 #xyz tv2
           5.8399437613198457e-01   2.3209251119922318e+00   0.0000000000000000e+00 -1 98 #xyz tv3 fid bid
           2.6203687634825235e+00   9.1199618146690253e-01   0.0000000000000000e+00 #xyz tv0
           2.6759410887374240e+00   3.0490086674070103e+00   3.5000000000000003e-02 #xyz tv1
           5.8399437613198457e-01   2.3209251119922318e+00   3.5000000000000003e-02 #xyz tv2
           5.8399437613198457e-01   2.3209251119922318e+00   0.0000000000000000e+00 -1 98 #xyz tv3 fid bid
           5.8399437613198457e-01   2.3209251119922318e+00   3.5000000000000003e-02 #xyz tv0
          -6.9226963535011743e-01   3.1824846078860807e+00  -3.0151718915546842e-17 #xyz tv1
          -2.1642686495671852e+00   1.3644164672409984e+00   3.5000000000000003e-02 #xyz tv2
           5.8399437613198457e-01   2.3209251119922318e+00   0.0000000000000000e+00 -1 98 #xyz tv3 fid bid
          -1.8345956290640070e-01  -6.3851474923615315e-02   3.5000000000000003e-02 #xyz tv0
           2.6203687634825235e+00   9.1199618146690253e-01   0.0000000000000000e+00 #xyz tv1
           5.8399437613198457e-01   2.3209251119922318e+00   3.5000000000000003e-02 #xyz tv2
           5.8399437613198457e-01   2.3209251119922318e+00   0.0000000000000000e+00 -1 98 #xyz tv3 fid bid
          -1.8345956290640070e-01  -6.3851474923615315e-02   3.5000000000000003e-02 #xyz tv0
           5.8399437613198457e-01   2.3209251119922318e+00   3.5000000000000003e-02 #xyz tv1
          -2.1642686495671852e+00   1.3644164672409984e+00   3.5000000000000003e-02 #xyz tv2
           5.8399437613198457e-01   2.3209251119922318e+00   0.0000000000000000e+00 -1 98 #xyz tv3 fid bid
          -2.1642686495671852e+00   1.3644164672409984e+00   3.5000000000000003e-02 #xyz tv0
           5.8399437613198457e-01   2.3209251119922318e+00   0.0000000000000000e+00 #xyz tv1
           5.8399437613198457e-01   2.3209251119922318e+00   3.5000000000000003e-02 1082 -1 #xyz tv2 fid bid
           5.8399437613198457e-01   2.3209251119922318e+00   0.0000000000000000e+00 #xyz tv0
           2.6759410887374240e+00   3.0490086674070103e+00   3.5000000000000003e-02 #xyz tv1
           5.8399437613198457e-01   2.3209251119922318e+00   3.5000000000000003e-02 1082 -1 #xyz tv2 fid bid
           5.8399437613198457e-01   2.3209251119922318e+00   0.0000000000000000e+00 #xyz ev0
           5.8399437613198457e-01   2.3209251119922318e+00   3.5000000000000003e-02 -1 98 #xyz ev1 fid bid
   0   0.000000000000e+00   0.000000000000e+00   0.000000000000e+00 #flag location
END_ERR 
