G3dErrFileVersion 2025R1
FlagFileMetaData Begin
   Mesh Size - Setup1, Refinement, Pass #1, Freq. 9.150000e+08 :Title    
   Listing of mesh elements with poor quality. :ToolTip  
   hf3d :Author   
   1761268818 :TimeStamp
   mm :UnitName 
   1.0000000000000000e-03 :UnitConv
FlagFileMetaData End
BEGIN_ERR 
26 Small mesh segment detected on body : Box8
 Small mesh segment detected on body : Box8 
 Segment Statistics - Number of Segments : 1 --- Segment length(s) : 0.035000mm. The cutoff frequency for S-Matrix Only Solve is 731.201117073171kHz 
2 -1  1082  # nfids, fids[]
2 1077  -1  # nbids, bids[]
      5 2 1 0 #ntets ntri ned npts
          -1.8345956251839546e-01  -6.3851475829029489e-02   3.5000000000000003e-02 #xyz tv0
           5.8399437814895772e-01   2.3209251061970906e+00   3.5000000000000003e-02 #xyz tv1
          -2.1968905384629469e+00   1.3530627007400127e+00   3.5000000000000003e-02 #xyz tv2
           5.8399437814896060e-01   2.3209251061970932e+00   0.0000000000000000e+00 -1 1077 #xyz tv3 fid bid
           1.2444625130500693e+00   4.2616735723270729e+00   1.3404154357784277e+00 #xyz tv0
           5.8399437814896060e-01   2.3209251061970932e+00   0.0000000000000000e+00 #xyz tv1
          -2.1968905384629469e+00   1.3530627007400127e+00   3.5000000000000003e-02 #xyz tv2
           5.8399437814895772e-01   2.3209251061970906e+00   3.5000000000000003e-02 -1 1077 #xyz tv3 fid bid
           1.2444625130500693e+00   4.2616735723270729e+00   1.3404154357784277e+00 #xyz tv0
           5.8399437814896060e-01   2.3209251061970932e+00   0.0000000000000000e+00 #xyz tv1
           5.8399437814895772e-01   2.3209251061970906e+00   3.5000000000000003e-02 #xyz tv2
           2.6767581653394807e+00   3.0492930372193716e+00   3.5000000000000003e-02 -1 1077 #xyz tv3 fid bid
           2.6767581653394807e+00   3.0492930372193716e+00   3.5000000000000003e-02 #xyz tv0
           1.2184546006526271e+00   4.2407235216423822e-01   3.5000000000000003e-02 #xyz tv1
           5.8399437814896060e-01   2.3209251061970932e+00   0.0000000000000000e+00 #xyz tv2
           5.8399437814895772e-01   2.3209251061970906e+00   3.5000000000000003e-02 -1 1077 #xyz tv3 fid bid
          -1.8345956251839546e-01  -6.3851475829029489e-02   3.5000000000000003e-02 #xyz tv0
           1.2184546006526271e+00   4.2407235216423822e-01   3.5000000000000003e-02 #xyz tv1
           5.8399437814895772e-01   2.3209251061970906e+00   3.5000000000000003e-02 #xyz tv2
           5.8399437814896060e-01   2.3209251061970932e+00   0.0000000000000000e+00 -1 1077 #xyz tv3 fid bid
          -2.1968905384629469e+00   1.3530627007400127e+00   3.5000000000000003e-02 #xyz tv0
           5.8399437814896060e-01   2.3209251061970932e+00   0.0000000000000000e+00 #xyz tv1
           5.8399437814895772e-01   2.3209251061970906e+00   3.5000000000000003e-02 1082 -1 #xyz tv2 fid bid
           5.8399437814896060e-01   2.3209251061970932e+00   0.0000000000000000e+00 #xyz tv0
           2.6767581653394807e+00   3.0492930372193716e+00   3.5000000000000003e-02 #xyz tv1
           5.8399437814895772e-01   2.3209251061970906e+00   3.5000000000000003e-02 1082 -1 #xyz tv2 fid bid
           5.8399437814896060e-01   2.3209251061970932e+00   0.0000000000000000e+00 #xyz ev0
           5.8399437814895772e-01   2.3209251061970906e+00   3.5000000000000003e-02 -1 1077 #xyz ev1 fid bid
   0   0.000000000000e+00   0.000000000000e+00   0.000000000000e+00 #flag location
END_ERR 
G3dErrFileVersion 2025R1
FlagFileMetaData Begin
   Mesh Size - Setup1, Refinement, Pass #2, Freq. 9.150000e+08 :Title    
   Listing of mesh elements with poor quality. :ToolTip  
   hf3d :Author   
   1761268821 :TimeStamp
   mm :UnitName 
   1.0000000000000000e-03 :UnitConv
FlagFileMetaData End
BEGIN_ERR 
26 Small mesh segment detected on body : Box8
 Small mesh segment detected on body : Box8 
 Segment Statistics - Number of Segments : 1 --- Segment length(s) : 0.035000mm. The cutoff frequency for S-Matrix Only Solve is 731.201117073171kHz 
2 -1  1082  # nfids, fids[]
2 1077  -1  # nbids, bids[]
      6 2 1 0 #ntets ntri ned npts
          -1.8345956251839546e-01  -6.3851475829029489e-02   3.5000000000000003e-02 #xyz tv0
           5.8399437814895772e-01   2.3209251061970906e+00   3.5000000000000003e-02 #xyz tv1
           5.8399437814896060e-01   2.3209251061970932e+00   0.0000000000000000e+00 #xyz tv2
           5.3952462136855006e-02   1.8777680024138044e-02   0.0000000000000000e+00 -1 1077 #xyz tv3 fid bid
           9.3250853508725995e-01   4.8779269952609727e+00   1.7873985782748003e+00 #xyz tv0
           5.8399437814896060e-01   2.3209251061970932e+00   0.0000000000000000e+00 #xyz tv1
           5.8399437814895772e-01   2.3209251061970906e+00   3.5000000000000003e-02 #xyz tv2
           2.6694004291596096e+00   3.0467322422022076e+00   3.5000000000000003e-02 -1 1077 #xyz tv3 fid bid
           5.3952462136855006e-02   1.8777680024138044e-02   0.0000000000000000e+00 #xyz tv0
           1.8502109136726745e+00   6.4394955057303327e-01   3.5000000000000003e-02 #xyz tv1
           5.8399437814895772e-01   2.3209251061970906e+00   3.5000000000000003e-02 #xyz tv2
           5.8399437814896060e-01   2.3209251061970932e+00   0.0000000000000000e+00 -1 1077 #xyz tv3 fid bid
           2.6694004291596096e+00   3.0467322422022076e+00   3.5000000000000003e-02 #xyz tv0
           1.8502109136726745e+00   6.4394955057303327e-01   3.5000000000000003e-02 #xyz tv1
           5.8399437814896060e-01   2.3209251061970932e+00   0.0000000000000000e+00 #xyz tv2
           5.8399437814895772e-01   2.3209251061970906e+00   3.5000000000000003e-02 -1 1077 #xyz tv3 fid bid
          -1.8345956251839546e-01  -6.3851475829029489e-02   3.5000000000000003e-02 #xyz tv0
           5.8399437814896060e-01   2.3209251061970932e+00   0.0000000000000000e+00 #xyz tv1
           5.8399437814895772e-01   2.3209251061970906e+00   3.5000000000000003e-02 #xyz tv2
          -2.1968905384629469e+00   1.3530627007400127e+00   3.5000000000000003e-02 -1 1077 #xyz tv3 fid bid
           9.3250853508725995e-01   4.8779269952609727e+00   1.7873985782748003e+00 #xyz tv0
           5.8399437814896060e-01   2.3209251061970932e+00   0.0000000000000000e+00 #xyz tv1
          -2.1968905384629469e+00   1.3530627007400127e+00   3.5000000000000003e-02 #xyz tv2
           5.8399437814895772e-01   2.3209251061970906e+00   3.5000000000000003e-02 -1 1077 #xyz tv3 fid bid
          -2.1968905384629469e+00   1.3530627007400127e+00   3.5000000000000003e-02 #xyz tv0
           5.8399437814896060e-01   2.3209251061970932e+00   0.0000000000000000e+00 #xyz tv1
           5.8399437814895772e-01   2.3209251061970906e+00   3.5000000000000003e-02 1082 -1 #xyz tv2 fid bid
           5.8399437814896060e-01   2.3209251061970932e+00   0.0000000000000000e+00 #xyz tv0
           2.6694004291596096e+00   3.0467322422022076e+00   3.5000000000000003e-02 #xyz tv1
           5.8399437814895772e-01   2.3209251061970906e+00   3.5000000000000003e-02 1082 -1 #xyz tv2 fid bid
           5.8399437814896060e-01   2.3209251061970932e+00   0.0000000000000000e+00 #xyz ev0
           5.8399437814895772e-01   2.3209251061970906e+00   3.5000000000000003e-02 -1 1077 #xyz ev1 fid bid
   0   0.000000000000e+00   0.000000000000e+00   0.000000000000e+00 #flag location
END_ERR 
G3dErrFileVersion 2025R1
FlagFileMetaData Begin
   Mesh Size - Setup1, Refinement, Pass #3, Freq. 9.150000e+08 :Title    
   Listing of mesh elements with poor quality. :ToolTip  
   hf3d :Author   
   1761268824 :TimeStamp
   mm :UnitName 
   1.0000000000000000e-03 :UnitConv
FlagFileMetaData End
BEGIN_ERR 
26 Small mesh segment detected on body : Cylinder1
 Small mesh segment detected on body : Cylinder1 
 Segment Statistics - Number of Segments : 1 --- Segment length(s) : 0.035000mm. The cutoff frequency for S-Matrix Only Solve is 731.201117073171kHz 
2 -1  1082  # nfids, fids[]
2 98  -1  # nbids, bids[]
      6 2 1 0 #ntets ntri ned npts
           9.6958963240272131e-02   4.8636640527833226e+00   2.1280492012537229e+00 #xyz tv0
           5.8399437814896060e-01   2.3209251061970932e+00   0.0000000000000000e+00 #xyz tv1
          -2.1968905384629469e+00   1.3530627007400127e+00   3.5000000000000003e-02 #xyz tv2
           5.8399437814895772e-01   2.3209251061970906e+00   3.5000000000000003e-02 -1 98 #xyz tv3 fid bid
           9.6958963240272131e-02   4.8636640527833226e+00   2.1280492012537229e+00 #xyz tv0
           5.8399437814896060e-01   2.3209251061970932e+00   0.0000000000000000e+00 #xyz tv1
           5.8399437814895772e-01   2.3209251061970906e+00   3.5000000000000003e-02 #xyz tv2
           2.6694004291596096e+00   3.0467322422022081e+00   3.5000000000000003e-02 -1 98 #xyz tv3 fid bid
          -1.7009965358709206e-01  -5.9201677661174616e-02   3.5000000000000003e-02 #xyz tv0
           5.8399437814896060e-01   2.3209251061970932e+00   0.0000000000000000e+00 #xyz tv1
           5.8399437814895772e-01   2.3209251061970906e+00   3.5000000000000003e-02 #xyz tv2
          -2.1968905384629469e+00   1.3530627007400127e+00   3.5000000000000003e-02 -1 98 #xyz tv3 fid bid
          -1.7009965358709206e-01  -5.9201677661174616e-02   3.5000000000000003e-02 #xyz tv0
           5.8399437814895772e-01   2.3209251061970906e+00   3.5000000000000003e-02 #xyz tv1
           5.8399437814896060e-01   2.3209251061970932e+00   0.0000000000000000e+00 #xyz tv2
           9.8777011823475591e-02   3.4378468179170313e-02   0.0000000000000000e+00 -1 98 #xyz tv3 fid bid
           2.6694004291596096e+00   3.0467322422022081e+00   3.5000000000000003e-02 #xyz tv0
           2.0030963829733479e+00   6.9715998626547249e-01   3.5000000000000003e-02 #xyz tv1
           5.8399437814896060e-01   2.3209251061970932e+00   0.0000000000000000e+00 #xyz tv2
           5.8399437814895772e-01   2.3209251061970906e+00   3.5000000000000003e-02 -1 98 #xyz tv3 fid bid
           9.8777011823475591e-02   3.4378468179170313e-02   0.0000000000000000e+00 #xyz tv0
           2.0030963829733479e+00   6.9715998626547249e-01   3.5000000000000003e-02 #xyz tv1
           5.8399437814895772e-01   2.3209251061970906e+00   3.5000000000000003e-02 #xyz tv2
           5.8399437814896060e-01   2.3209251061970932e+00   0.0000000000000000e+00 -1 98 #xyz tv3 fid bid
          -2.1968905384629469e+00   1.3530627007400127e+00   3.5000000000000003e-02 #xyz tv0
           5.8399437814896060e-01   2.3209251061970932e+00   0.0000000000000000e+00 #xyz tv1
           5.8399437814895772e-01   2.3209251061970906e+00   3.5000000000000003e-02 1082 -1 #xyz tv2 fid bid
           5.8399437814896060e-01   2.3209251061970932e+00   0.0000000000000000e+00 #xyz tv0
           2.6694004291596096e+00   3.0467322422022081e+00   3.5000000000000003e-02 #xyz tv1
           5.8399437814895772e-01   2.3209251061970906e+00   3.5000000000000003e-02 1082 -1 #xyz tv2 fid bid
           5.8399437814896060e-01   2.3209251061970932e+00   0.0000000000000000e+00 #xyz ev0
           5.8399437814895772e-01   2.3209251061970906e+00   3.5000000000000003e-02 -1 98 #xyz ev1 fid bid
   0   0.000000000000e+00   0.000000000000e+00   0.000000000000e+00 #flag location
END_ERR 
G3dErrFileVersion 2025R1
FlagFileMetaData Begin
   Mesh Size - Setup1, Refinement, Pass #4, Freq. 9.150000e+08 :Title    
   Listing of mesh elements with poor quality. :ToolTip  
   hf3d :Author   
   1761268828 :TimeStamp
   mm :UnitName 
   1.0000000000000000e-03 :UnitConv
FlagFileMetaData End
BEGIN_ERR 
26 Small mesh segment detected on body : Box8
 Small mesh segment detected on body : Box8 
 Segment Statistics - Number of Segments : 1 --- Segment length(s) : 0.035000mm. The cutoff frequency for S-Matrix Only Solve is 731.201117073171kHz 
2 -1  1082  # nfids, fids[]
2 1077  -1  # nbids, bids[]
      7 2 1 0 #ntets ntri ned npts
          -1.2921398755018296e-01  -4.4971783130642512e-02   3.5000000000000003e-02 #xyz tv0
           5.8399437814895772e-01   2.3209251061970906e+00   3.5000000000000003e-02 #xyz tv1
           5.8399437814896060e-01   2.3209251061970932e+00   0.0000000000000000e+00 #xyz tv2
           1.1317440607282002e-01   3.9389353937952239e-02   0.0000000000000000e+00 -1 1077 #xyz tv3 fid bid
           1.1317440607282002e-01   3.9389353937952239e-02   0.0000000000000000e+00 #xyz tv0
           2.0714218722192554e+00   7.2094006862584248e-01   3.5000000000000003e-02 #xyz tv1
           5.8399437814895772e-01   2.3209251061970906e+00   3.5000000000000003e-02 #xyz tv2
           5.8399437814896060e-01   2.3209251061970932e+00   0.0000000000000000e+00 -1 1077 #xyz tv3 fid bid
          -1.2921398755018296e-01  -4.4971783130642512e-02   3.5000000000000003e-02 #xyz tv0
           5.8399437814896060e-01   2.3209251061970932e+00   0.0000000000000000e+00 #xyz tv1
           5.8399437814895772e-01   2.3209251061970906e+00   3.5000000000000003e-02 #xyz tv2
          -2.1968905384629469e+00   1.3530627007400127e+00   3.5000000000000003e-02 -1 1077 #xyz tv3 fid bid
           2.6694004291596096e+00   3.0467322422022085e+00   3.5000000000000003e-02 #xyz tv0
           2.0714218722192554e+00   7.2094006862584248e-01   3.5000000000000003e-02 #xyz tv1
           5.8399437814896060e-01   2.3209251061970932e+00   0.0000000000000000e+00 #xyz tv2
           5.8399437814895772e-01   2.3209251061970906e+00   3.5000000000000003e-02 -1 1077 #xyz tv3 fid bid
           5.8399437814895772e-01   2.3209251061970906e+00   3.5000000000000003e-02 #xyz tv0
           5.8399437814896060e-01   2.3209251061970932e+00   0.0000000000000000e+00 #xyz tv1
          -2.8739120063294035e+00   3.2898155843891610e+00   1.4348496812376399e+00 #xyz tv2
          -2.1968905384629469e+00   1.3530627007400127e+00   3.5000000000000003e-02 -1 1077 #xyz tv3 fid bid
           9.6958963240272131e-02   4.8636640527833226e+00   2.1280492012537229e+00 #xyz tv0
           5.8399437814896060e-01   2.3209251061970932e+00   0.0000000000000000e+00 #xyz tv1
           5.8399437814895772e-01   2.3209251061970906e+00   3.5000000000000003e-02 #xyz tv2
           2.6694004291596096e+00   3.0467322422022085e+00   3.5000000000000003e-02 -1 1077 #xyz tv3 fid bid
           5.8399437814895772e-01   2.3209251061970906e+00   3.5000000000000003e-02 #xyz tv0
          -2.8739120063294035e+00   3.2898155843891610e+00   1.4348496812376399e+00 #xyz tv1
           5.8399437814896060e-01   2.3209251061970932e+00   0.0000000000000000e+00 #xyz tv2
           9.6958963240272131e-02   4.8636640527833226e+00   2.1280492012537229e+00 -1 1077 #xyz tv3 fid bid
          -2.1968905384629469e+00   1.3530627007400127e+00   3.5000000000000003e-02 #xyz tv0
           5.8399437814896060e-01   2.3209251061970932e+00   0.0000000000000000e+00 #xyz tv1
           5.8399437814895772e-01   2.3209251061970906e+00   3.5000000000000003e-02 1082 -1 #xyz tv2 fid bid
           5.8399437814896060e-01   2.3209251061970932e+00   0.0000000000000000e+00 #xyz tv0
           2.6694004291596096e+00   3.0467322422022085e+00   3.5000000000000003e-02 #xyz tv1
           5.8399437814895772e-01   2.3209251061970906e+00   3.5000000000000003e-02 1082 -1 #xyz tv2 fid bid
           5.8399437814896060e-01   2.3209251061970932e+00   0.0000000000000000e+00 #xyz ev0
           5.8399437814895772e-01   2.3209251061970906e+00   3.5000000000000003e-02 -1 1077 #xyz ev1 fid bid
   0   0.000000000000e+00   0.000000000000e+00   0.000000000000e+00 #flag location
END_ERR 
G3dErrFileVersion 2025R1
FlagFileMetaData Begin
   Mesh Size - Setup1, Refinement, Pass #5, Freq. 9.150000e+08 :Title    
   Listing of mesh elements with poor quality. :ToolTip  
   hf3d :Author   
   1761268831 :TimeStamp
   mm :UnitName 
   1.0000000000000000e-03 :UnitConv
FlagFileMetaData End
BEGIN_ERR 
26 Small mesh segment detected on body : Cylinder1
 Small mesh segment detected on body : Cylinder1 
 Segment Statistics - Number of Segments : 1 --- Segment length(s) : 0.035000mm. The cutoff frequency for S-Matrix Only Solve is 731.201117073171kHz 
2 -1  1082  # nfids, fids[]
2 98  -1  # nbids, bids[]
      7 2 1 0 #ntets ntri ned npts
           5.8399437814895772e-01   2.3209251061970906e+00   3.5000000000000003e-02 #xyz tv0
           8.9401147343114395e-01   4.3819099965268240e+00  -4.3514424500167588e-17 #xyz tv1
          -1.3062274648382084e+00   3.6164581227752581e+00  -7.0576424731907490e-17 #xyz tv2
           5.8399437814896060e-01   2.3209251061970932e+00   0.0000000000000000e+00 -1 98 #xyz tv3 fid bid
           5.8399437814895772e-01   2.3209251061970906e+00   3.5000000000000003e-02 #xyz tv0
           2.6694004291596096e+00   3.0467322422022085e+00   3.5000000000000003e-02 #xyz tv1
           8.9401147343114395e-01   4.3819099965268240e+00  -4.3514424500167588e-17 #xyz tv2
           5.8399437814896060e-01   2.3209251061970932e+00   0.0000000000000000e+00 -1 98 #xyz tv3 fid bid
           1.1759281737560875e-01   4.0927142921857715e-02   0.0000000000000000e+00 #xyz tv0
           2.1115301441675918e+00   7.3489939801799453e-01   3.5000000000000003e-02 #xyz tv1
           5.8399437814895772e-01   2.3209251061970906e+00   3.5000000000000003e-02 #xyz tv2
           5.8399437814896060e-01   2.3209251061970932e+00   0.0000000000000000e+00 -1 98 #xyz tv3 fid bid
           2.6694004291596096e+00   3.0467322422022085e+00   3.5000000000000003e-02 #xyz tv0
           2.1115301441675918e+00   7.3489939801799453e-01   3.5000000000000003e-02 #xyz tv1
           5.8399437814896060e-01   2.3209251061970932e+00   0.0000000000000000e+00 #xyz tv2
           5.8399437814895772e-01   2.3209251061970906e+00   3.5000000000000003e-02 -1 98 #xyz tv3 fid bid
          -2.1968905384629469e+00   1.3530627007400127e+00   3.5000000000000003e-02 #xyz tv0
           5.8399437814895772e-01   2.3209251061970906e+00   3.5000000000000003e-02 #xyz tv1
          -1.3062274648382084e+00   3.6164581227752581e+00  -7.0576424731907490e-17 #xyz tv2
           5.8399437814896060e-01   2.3209251061970932e+00   0.0000000000000000e+00 -1 98 #xyz tv3 fid bid
          -8.9006896885329756e-02  -3.0978060758016492e-02   3.5000000000000003e-02 #xyz tv0
           5.8399437814895772e-01   2.3209251061970906e+00   3.5000000000000003e-02 #xyz tv1
           5.8399437814896060e-01   2.3209251061970932e+00   0.0000000000000000e+00 #xyz tv2
           1.1759281737560875e-01   4.0927142921857715e-02   0.0000000000000000e+00 -1 98 #xyz tv3 fid bid
          -8.9006896885329756e-02  -3.0978060758016492e-02   3.5000000000000003e-02 #xyz tv0
           5.8399437814896060e-01   2.3209251061970932e+00   0.0000000000000000e+00 #xyz tv1
           5.8399437814895772e-01   2.3209251061970906e+00   3.5000000000000003e-02 #xyz tv2
          -2.1968905384629469e+00   1.3530627007400127e+00   3.5000000000000003e-02 -1 98 #xyz tv3 fid bid
          -2.1968905384629469e+00   1.3530627007400127e+00   3.5000000000000003e-02 #xyz tv0
           5.8399437814896060e-01   2.3209251061970932e+00   0.0000000000000000e+00 #xyz tv1
           5.8399437814895772e-01   2.3209251061970906e+00   3.5000000000000003e-02 1082 -1 #xyz tv2 fid bid
           5.8399437814896060e-01   2.3209251061970932e+00   0.0000000000000000e+00 #xyz tv0
           2.6694004291596096e+00   3.0467322422022085e+00   3.5000000000000003e-02 #xyz tv1
           5.8399437814895772e-01   2.3209251061970906e+00   3.5000000000000003e-02 1082 -1 #xyz tv2 fid bid
           5.8399437814896060e-01   2.3209251061970932e+00   0.0000000000000000e+00 #xyz ev0
           5.8399437814895772e-01   2.3209251061970906e+00   3.5000000000000003e-02 -1 98 #xyz ev1 fid bid
   0   0.000000000000e+00   0.000000000000e+00   0.000000000000e+00 #flag location
END_ERR 
