G3dErrFileVersion 2025R1
FlagFileMetaData Begin
   Mesh Size - Setup1, Refinement, Pass #1, Freq. 9.150000e+08 :Title    
   Listing of mesh elements with poor quality. :ToolTip  
   hf3d :Author   
   1761268984 :TimeStamp
   mm :UnitName 
   1.0000000000000000e-03 :UnitConv
FlagFileMetaData End
BEGIN_ERR 
26 Small mesh segment detected on body : Cylinder1
 Small mesh segment detected on body : Cylinder1 
 Segment Statistics - Number of Segments : 1 --- Segment length(s) : 0.035000mm. The cutoff frequency for S-Matrix Only Solve is 731.201117073171kHz 
2 -1  1080  # nfids, fids[]
2 98  -1  # nbids, bids[]
      4 2 1 0 #ntets ntri ned npts
          -9.2270713921616938e+00  -3.2114006115989606e+00   0.0000000000000000e+00 #xyz tv0
          -7.1471435571748687e+00  -2.4875001201935865e+00   3.5000000000000003e-02 #xyz tv1
           4.6637499999999985e+00  -2.0000000000000000e+01   0.0000000000000000e+00 #xyz tv2
          -9.2270713921616920e+00  -3.2114006115989624e+00   3.5000000000000003e-02 -1 98 #xyz tv3 fid bid
          -9.2270713921616920e+00  -3.2114006115989624e+00   3.5000000000000003e-02 #xyz tv0
          -1.1306999227148509e+01  -3.9353011030043383e+00   3.5000000000000003e-02 #xyz tv1
           4.6637499999999985e+00  -2.0000000000000000e+01   0.0000000000000000e+00 #xyz tv2
          -9.2270713921616938e+00  -3.2114006115989606e+00   0.0000000000000000e+00 -1 98 #xyz tv3 fid bid
          -9.2270713921616938e+00  -3.2114006115989606e+00   0.0000000000000000e+00 #xyz tv0
          -9.8615316167676514e+00  -1.3145478515794244e+00   0.0000000000000000e+00 #xyz tv1
          -7.1471435571748687e+00  -2.4875001201935865e+00   3.5000000000000003e-02 #xyz tv2
          -9.2270713921616920e+00  -3.2114006115989624e+00   3.5000000000000003e-02 -1 98 #xyz tv3 fid bid
          -9.8615316167676514e+00  -1.3145478515794244e+00   0.0000000000000000e+00 #xyz tv0
          -9.2270713921616938e+00  -3.2114006115989606e+00   0.0000000000000000e+00 #xyz tv1
          -1.1306999227148509e+01  -3.9353011030043383e+00   3.5000000000000003e-02 #xyz tv2
          -9.2270713921616920e+00  -3.2114006115989624e+00   3.5000000000000003e-02 -1 98 #xyz tv3 fid bid
          -7.1471435571748687e+00  -2.4875001201935865e+00   3.5000000000000003e-02 #xyz tv0
          -9.2270713921616938e+00  -3.2114006115989606e+00   0.0000000000000000e+00 #xyz tv1
          -9.2270713921616920e+00  -3.2114006115989624e+00   3.5000000000000003e-02 1080 -1 #xyz tv2 fid bid
          -1.1306999227148509e+01  -3.9353011030043383e+00   3.5000000000000003e-02 #xyz tv0
          -9.2270713921616920e+00  -3.2114006115989624e+00   3.5000000000000003e-02 #xyz tv1
          -9.2270713921616938e+00  -3.2114006115989606e+00   0.0000000000000000e+00 1080 -1 #xyz tv2 fid bid
          -9.2270713921616938e+00  -3.2114006115989606e+00   0.0000000000000000e+00 #xyz ev0
          -9.2270713921616920e+00  -3.2114006115989624e+00   3.5000000000000003e-02 -1 98 #xyz ev1 fid bid
   0   0.000000000000e+00   0.000000000000e+00   0.000000000000e+00 #flag location
END_ERR 
G3dErrFileVersion 2025R1
FlagFileMetaData Begin
   Mesh Size - Setup1, Refinement, Pass #2, Freq. 9.150000e+08 :Title    
   Listing of mesh elements with poor quality. :ToolTip  
   hf3d :Author   
   1761268988 :TimeStamp
   mm :UnitName 
   1.0000000000000000e-03 :UnitConv
FlagFileMetaData End
BEGIN_ERR 
26 Small mesh segment detected on body : Cylinder1
 Small mesh segment detected on body : Cylinder1 
 Segment Statistics - Number of Segments : 1 --- Segment length(s) : 0.035000mm. The cutoff frequency for S-Matrix Only Solve is 731.201117073171kHz 
2 -1  1080  # nfids, fids[]
2 98  -1  # nbids, bids[]
      6 2 1 0 #ntets ntri ned npts
          -9.2270713921616920e+00  -3.2114006115989624e+00   3.5000000000000003e-02 #xyz tv0
           3.6420593827915586e+00  -9.5440019122728614e+00   0.0000000000000000e+00 #xyz tv1
          -9.2270713921616938e+00  -3.2114006115989606e+00   0.0000000000000000e+00 #xyz tv2
           4.6637499999999985e+00  -2.0000000000000000e+01   0.0000000000000000e+00 -1 98 #xyz tv3 fid bid
          -9.2270713921616920e+00  -3.2114006115989624e+00   3.5000000000000003e-02 #xyz tv0
          -9.2270713921616938e+00  -3.2114006115989606e+00   0.0000000000000000e+00 #xyz tv1
           3.6420593827915586e+00  -9.5440019122728614e+00   0.0000000000000000e+00 #xyz tv2
          -7.1471435571748687e+00  -2.4875001201935865e+00   3.5000000000000003e-02 -1 98 #xyz tv3 fid bid
          -9.2270713921616920e+00  -3.2114006115989624e+00   3.5000000000000003e-02 #xyz tv0
          -9.2270713921616938e+00  -3.2114006115989606e+00   0.0000000000000000e+00 #xyz tv1
          -1.1659374999999997e+01  -2.0000000000000000e+01   0.0000000000000000e+00 #xyz tv2
           4.6637499999999985e+00  -2.0000000000000000e+01   0.0000000000000000e+00 -1 98 #xyz tv3 fid bid
          -9.2270713921616938e+00  -3.2114006115989606e+00   0.0000000000000000e+00 #xyz tv0
          -9.8615316167676532e+00  -1.3145478515794244e+00   0.0000000000000000e+00 #xyz tv1
          -7.1471435571748687e+00  -2.4875001201935865e+00   3.5000000000000003e-02 #xyz tv2
          -9.2270713921616920e+00  -3.2114006115989624e+00   3.5000000000000003e-02 -1 98 #xyz tv3 fid bid
          -9.2270713921616920e+00  -3.2114006115989624e+00   3.5000000000000003e-02 #xyz tv0
          -1.1659374999999997e+01  -2.0000000000000000e+01   0.0000000000000000e+00 #xyz tv1
          -9.2270713921616938e+00  -3.2114006115989606e+00   0.0000000000000000e+00 #xyz tv2
          -1.1306999227148509e+01  -3.9353011030043383e+00   3.5000000000000003e-02 -1 98 #xyz tv3 fid bid
          -9.8615316167676532e+00  -1.3145478515794244e+00   0.0000000000000000e+00 #xyz tv0
          -9.2270713921616938e+00  -3.2114006115989606e+00   0.0000000000000000e+00 #xyz tv1
          -1.1306999227148509e+01  -3.9353011030043383e+00   3.5000000000000003e-02 #xyz tv2
          -9.2270713921616920e+00  -3.2114006115989624e+00   3.5000000000000003e-02 -1 98 #xyz tv3 fid bid
          -7.1471435571748687e+00  -2.4875001201935865e+00   3.5000000000000003e-02 #xyz tv0
          -9.2270713921616938e+00  -3.2114006115989606e+00   0.0000000000000000e+00 #xyz tv1
          -9.2270713921616920e+00  -3.2114006115989624e+00   3.5000000000000003e-02 1080 -1 #xyz tv2 fid bid
          -1.1306999227148509e+01  -3.9353011030043383e+00   3.5000000000000003e-02 #xyz tv0
          -9.2270713921616920e+00  -3.2114006115989624e+00   3.5000000000000003e-02 #xyz tv1
          -9.2270713921616938e+00  -3.2114006115989606e+00   0.0000000000000000e+00 1080 -1 #xyz tv2 fid bid
          -9.2270713921616938e+00  -3.2114006115989606e+00   0.0000000000000000e+00 #xyz ev0
          -9.2270713921616920e+00  -3.2114006115989624e+00   3.5000000000000003e-02 -1 98 #xyz ev1 fid bid
   0   0.000000000000e+00   0.000000000000e+00   0.000000000000e+00 #flag location
END_ERR 
G3dErrFileVersion 2025R1
FlagFileMetaData Begin
   Mesh Size - Setup1, Refinement, Pass #3, Freq. 9.150000e+08 :Title    
   Listing of mesh elements with poor quality. :ToolTip  
   hf3d :Author   
   1761268991 :TimeStamp
   mm :UnitName 
   1.0000000000000000e-03 :UnitConv
FlagFileMetaData End
BEGIN_ERR 
26 Small mesh segment detected on body : Cylinder1
 Small mesh segment detected on body : Cylinder1 
 Segment Statistics - Number of Segments : 1 --- Segment length(s) : 0.035000mm. The cutoff frequency for S-Matrix Only Solve is 731.201117073171kHz 
2 -1  1080  # nfids, fids[]
2 98  -1  # nbids, bids[]
      6 2 1 0 #ntets ntri ned npts
          -9.2270713921616920e+00  -3.2114006115989624e+00   3.5000000000000003e-02 #xyz tv0
          -1.2495519042397101e+01  -1.0377040838513679e+01   0.0000000000000000e+00 #xyz tv1
          -9.2270713921616938e+00  -3.2114006115989606e+00   0.0000000000000000e+00 #xyz tv2
          -1.1306999227148509e+01  -3.9353011030043383e+00   3.5000000000000003e-02 -1 98 #xyz tv3 fid bid
          -9.8615316167676532e+00  -1.3145478515794244e+00   0.0000000000000000e+00 #xyz tv0
          -9.2270713921616938e+00  -3.2114006115989606e+00   0.0000000000000000e+00 #xyz tv1
          -1.1306999227148509e+01  -3.9353011030043383e+00   3.5000000000000003e-02 #xyz tv2
          -9.2270713921616920e+00  -3.2114006115989624e+00   3.5000000000000003e-02 -1 98 #xyz tv3 fid bid
          -9.2270713921616920e+00  -3.2114006115989624e+00   3.5000000000000003e-02 #xyz tv0
          -9.2270713921616938e+00  -3.2114006115989606e+00   0.0000000000000000e+00 #xyz tv1
          -1.2495519042397101e+01  -1.0377040838513679e+01   0.0000000000000000e+00 #xyz tv2
          -3.3050922744150264e+00  -1.2001273290698302e+01   0.0000000000000000e+00 -1 98 #xyz tv3 fid bid
          -9.2270713921616938e+00  -3.2114006115989606e+00   0.0000000000000000e+00 #xyz tv0
          -9.8615316167676532e+00  -1.3145478515794244e+00   0.0000000000000000e+00 #xyz tv1
          -7.1471435571748687e+00  -2.4875001201935865e+00   3.5000000000000003e-02 #xyz tv2
          -9.2270713921616920e+00  -3.2114006115989624e+00   3.5000000000000003e-02 -1 98 #xyz tv3 fid bid
          -3.3050922744150264e+00  -1.2001273290698302e+01   0.0000000000000000e+00 #xyz tv0
           1.4000468611261063e+00  -7.4936739624107060e+00   0.0000000000000000e+00 #xyz tv1
          -9.2270713921616920e+00  -3.2114006115989624e+00   3.5000000000000003e-02 #xyz tv2
          -9.2270713921616938e+00  -3.2114006115989606e+00   0.0000000000000000e+00 -1 98 #xyz tv3 fid bid
          -9.2270713921616920e+00  -3.2114006115989624e+00   3.5000000000000003e-02 #xyz tv0
          -9.2270713921616938e+00  -3.2114006115989606e+00   0.0000000000000000e+00 #xyz tv1
           1.4000468611261063e+00  -7.4936739624107060e+00   0.0000000000000000e+00 #xyz tv2
          -7.1471435571748687e+00  -2.4875001201935865e+00   3.5000000000000003e-02 -1 98 #xyz tv3 fid bid
          -7.1471435571748687e+00  -2.4875001201935865e+00   3.5000000000000003e-02 #xyz tv0
          -9.2270713921616938e+00  -3.2114006115989606e+00   0.0000000000000000e+00 #xyz tv1
          -9.2270713921616920e+00  -3.2114006115989624e+00   3.5000000000000003e-02 1080 -1 #xyz tv2 fid bid
          -1.1306999227148509e+01  -3.9353011030043383e+00   3.5000000000000003e-02 #xyz tv0
          -9.2270713921616920e+00  -3.2114006115989624e+00   3.5000000000000003e-02 #xyz tv1
          -9.2270713921616938e+00  -3.2114006115989606e+00   0.0000000000000000e+00 1080 -1 #xyz tv2 fid bid
          -9.2270713921616938e+00  -3.2114006115989606e+00   0.0000000000000000e+00 #xyz ev0
          -9.2270713921616920e+00  -3.2114006115989624e+00   3.5000000000000003e-02 -1 98 #xyz ev1 fid bid
   0   0.000000000000e+00   0.000000000000e+00   0.000000000000e+00 #flag location
END_ERR 
G3dErrFileVersion 2025R1
FlagFileMetaData Begin
   Mesh Size - Setup1, Refinement, Pass #4, Freq. 9.150000e+08 :Title    
   Listing of mesh elements with poor quality. :ToolTip  
   hf3d :Author   
   1761268995 :TimeStamp
   mm :UnitName 
   1.0000000000000000e-03 :UnitConv
FlagFileMetaData End
BEGIN_ERR 
26 Small mesh segment detected on body : Cylinder1
 Small mesh segment detected on body : Cylinder1 
 Segment Statistics - Number of Segments : 1 --- Segment length(s) : 0.035000mm. The cutoff frequency for S-Matrix Only Solve is 731.201117073171kHz 
2 -1  1080  # nfids, fids[]
2 98  -1  # nbids, bids[]
      5 2 1 0 #ntets ntri ned npts
          -9.2270713921616920e+00  -3.2114006115989624e+00   3.5000000000000003e-02 #xyz tv0
          -9.2270713921616938e+00  -3.2114006115989606e+00   0.0000000000000000e+00 #xyz tv1
          -1.1907685239994290e+01  -7.1584075198591286e+00   0.0000000000000000e+00 #xyz tv2
          -6.5190747948754115e+00  -6.9091611057269144e+00   0.0000000000000000e+00 -1 98 #xyz tv3 fid bid
          -9.2270713921616920e+00  -3.2114006115989624e+00   3.5000000000000003e-02 #xyz tv0
          -1.1907685239994290e+01  -7.1584075198591286e+00   0.0000000000000000e+00 #xyz tv1
          -9.2270713921616938e+00  -3.2114006115989606e+00   0.0000000000000000e+00 #xyz tv2
          -1.1306999227148509e+01  -3.9353011030043383e+00   3.5000000000000003e-02 -1 98 #xyz tv3 fid bid
          -9.2270713921616920e+00  -3.2114006115989624e+00   3.5000000000000003e-02 #xyz tv0
          -6.5190747948754115e+00  -6.9091611057269144e+00   0.0000000000000000e+00 #xyz tv1
          -7.1471435571748687e+00  -2.4875001201935865e+00   3.5000000000000003e-02 #xyz tv2
          -9.2270713921616938e+00  -3.2114006115989606e+00   0.0000000000000000e+00 -1 98 #xyz tv3 fid bid
          -9.8615316167676532e+00  -1.3145478515794244e+00   0.0000000000000000e+00 #xyz tv0
          -9.2270713921616938e+00  -3.2114006115989606e+00   0.0000000000000000e+00 #xyz tv1
          -1.1306999227148509e+01  -3.9353011030043383e+00   3.5000000000000003e-02 #xyz tv2
          -9.2270713921616920e+00  -3.2114006115989624e+00   3.5000000000000003e-02 -1 98 #xyz tv3 fid bid
          -9.2270713921616938e+00  -3.2114006115989606e+00   0.0000000000000000e+00 #xyz tv0
          -9.8615316167676532e+00  -1.3145478515794244e+00   0.0000000000000000e+00 #xyz tv1
          -7.1471435571748687e+00  -2.4875001201935865e+00   3.5000000000000003e-02 #xyz tv2
          -9.2270713921616920e+00  -3.2114006115989624e+00   3.5000000000000003e-02 -1 98 #xyz tv3 fid bid
          -7.1471435571748687e+00  -2.4875001201935865e+00   3.5000000000000003e-02 #xyz tv0
          -9.2270713921616938e+00  -3.2114006115989606e+00   0.0000000000000000e+00 #xyz tv1
          -9.2270713921616920e+00  -3.2114006115989624e+00   3.5000000000000003e-02 1080 -1 #xyz tv2 fid bid
          -1.1306999227148509e+01  -3.9353011030043383e+00   3.5000000000000003e-02 #xyz tv0
          -9.2270713921616920e+00  -3.2114006115989624e+00   3.5000000000000003e-02 #xyz tv1
          -9.2270713921616938e+00  -3.2114006115989606e+00   0.0000000000000000e+00 1080 -1 #xyz tv2 fid bid
          -9.2270713921616938e+00  -3.2114006115989606e+00   0.0000000000000000e+00 #xyz ev0
          -9.2270713921616920e+00  -3.2114006115989624e+00   3.5000000000000003e-02 -1 98 #xyz ev1 fid bid
   0   0.000000000000e+00   0.000000000000e+00   0.000000000000e+00 #flag location
END_ERR 
G3dErrFileVersion 2025R1
FlagFileMetaData Begin
   Mesh Size - Setup1, Refinement, Pass #5, Freq. 9.150000e+08 :Title    
   Listing of mesh elements with poor quality. :ToolTip  
   hf3d :Author   
   1761268998 :TimeStamp
   mm :UnitName 
   1.0000000000000000e-03 :UnitConv
FlagFileMetaData End
BEGIN_ERR 
26 Small mesh segment detected on body : Cylinder1
 Small mesh segment detected on body : Cylinder1 
 Segment Statistics - Number of Segments : 1 --- Segment length(s) : 0.035000mm. The cutoff frequency for S-Matrix Only Solve is 731.201117073171kHz 
2 -1  1080  # nfids, fids[]
2 98  -1  # nbids, bids[]
      5 2 1 0 #ntets ntri ned npts
          -7.1471435571748687e+00  -2.4875001201935865e+00   3.5000000000000003e-02 #xyz tv0
          -6.1208031778832819e+00  -6.0705747659768781e+00   0.0000000000000000e+00 #xyz tv1
          -4.3433152307826957e+00  -1.5116524637750317e+00   3.5000000000000003e-02 #xyz tv2
          -7.1471435571748625e+00  -2.4875001201935820e+00   0.0000000000000000e+00 -1 98 #xyz tv3 fid bid
          -4.3433152307826957e+00  -1.5116524637750317e+00   3.5000000000000003e-02 #xyz tv0
          -7.1471435571748625e+00  -2.4875001201935820e+00   0.0000000000000000e+00 #xyz tv1
          -7.0737433452809322e+00  -3.4428279436774500e-01   3.5000000000000003e-02 #xyz tv2
          -7.1471435571748687e+00  -2.4875001201935865e+00   3.5000000000000003e-02 -1 98 #xyz tv3 fid bid
          -6.1208031778832819e+00  -6.0705747659768781e+00   0.0000000000000000e+00 #xyz tv0
          -7.1471435571748625e+00  -2.4875001201935820e+00   0.0000000000000000e+00 #xyz tv1
          -7.1471435571748687e+00  -2.4875001201935865e+00   3.5000000000000003e-02 #xyz tv2
          -9.2302844447724350e+00  -3.2125188861490201e+00   0.0000000000000000e+00 -1 98 #xyz tv3 fid bid
          -7.1471435571748625e+00  -2.4875001201935820e+00   0.0000000000000000e+00 #xyz tv0
          -9.2302844447724350e+00  -3.2125188861490201e+00   0.0000000000000000e+00 #xyz tv1
          -9.8615316167676532e+00  -1.3145478515794244e+00   0.0000000000000000e+00 #xyz tv2
          -7.1471435571748687e+00  -2.4875001201935865e+00   3.5000000000000003e-02 -1 98 #xyz tv3 fid bid
          -7.1471435571748625e+00  -2.4875001201935820e+00   0.0000000000000000e+00 #xyz tv0
          -9.8615316167676532e+00  -1.3145478515794244e+00   0.0000000000000000e+00 #xyz tv1
          -7.0737433452809322e+00  -3.4428279436774500e-01   3.5000000000000003e-02 #xyz tv2
          -7.1471435571748687e+00  -2.4875001201935865e+00   3.5000000000000003e-02 -1 98 #xyz tv3 fid bid
          -7.1471435571748687e+00  -2.4875001201935865e+00   3.5000000000000003e-02 #xyz tv0
          -4.3433152307826957e+00  -1.5116524637750317e+00   3.5000000000000003e-02 #xyz tv1
          -7.1471435571748625e+00  -2.4875001201935820e+00   0.0000000000000000e+00 1080 -1 #xyz tv2 fid bid
          -7.1471435571748625e+00  -2.4875001201935820e+00   0.0000000000000000e+00 #xyz tv0
          -9.2302844447724350e+00  -3.2125188861490201e+00   0.0000000000000000e+00 #xyz tv1
          -7.1471435571748687e+00  -2.4875001201935865e+00   3.5000000000000003e-02 1080 -1 #xyz tv2 fid bid
          -7.1471435571748625e+00  -2.4875001201935820e+00   0.0000000000000000e+00 #xyz ev0
          -7.1471435571748687e+00  -2.4875001201935865e+00   3.5000000000000003e-02 -1 98 #xyz ev1 fid bid
   0   0.000000000000e+00   0.000000000000e+00   0.000000000000e+00 #flag location
END_ERR 
