G3dErrFileVersion 2025R1
FlagFileMetaData Begin
   Mesh Size - Setup1, Refinement, Pass #1, Freq. 1.575000e+09 :Title    
   Listing of mesh elements with poor quality. :ToolTip  
   hf3d :Author   
   1761008924 :TimeStamp
   mm :UnitName 
   1.0000000000000000e-03 :UnitConv
FlagFileMetaData End
BEGIN_ERR 
26 Small mesh segment detected on body : Box14
 Small mesh segment detected on body : Box14 
 Segment Statistics - Number of Segments : 1 --- Segment length(s) : 0.035000mm. The cutoff frequency for S-Matrix Only Solve is 599.584916kHz 
1 -1  # nfids, fids[]
1 1861  # nbids, bids[]
      5 0 1 0 #ntets ntri ned npts
           4.9999999999999973e+00   1.0500000000000001e+02  -8.0000000000000016e-01 #xyz tv0
           1.0154411764705877e+01   1.0994852941176471e+02  -8.3500000000000008e-01 #xyz tv1
           4.9999999999999973e+00   1.0500000000000001e+02  -8.3500000000000008e-01 #xyz tv2
           9.9999999999999947e+00   1.0000000000000000e+02  -8.0000000000000004e-01 -1 1861 #xyz tv3 fid bid
           4.9999999999999973e+00   1.0500000000000001e+02  -8.0000000000000016e-01 #xyz tv0
           4.9999999999999973e+00   1.0500000000000001e+02  -8.3500000000000008e-01 #xyz tv1
           1.0154411764705877e+01   1.0994852941176471e+02  -8.3500000000000008e-01 #xyz tv2
           9.9999999999999947e+00   1.1000000000000000e+02  -8.0000000000000004e-01 -1 1861 #xyz tv3 fid bid
           4.9999999999999973e+00   1.0500000000000001e+02  -8.0000000000000016e-01 #xyz tv0
           0.0000000000000000e+00   1.0000000000000000e+02  -8.0000000000000004e-01 #xyz tv1
           9.9999999999999947e+00   1.0000000000000000e+02  -8.0000000000000004e-01 #xyz tv2
           4.9999999999999973e+00   1.0500000000000001e+02  -8.3500000000000008e-01 -1 1861 #xyz tv3 fid bid
           4.9999999999999973e+00   1.0500000000000001e+02  -8.0000000000000016e-01 #xyz tv0
           9.9999999999999947e+00   1.1000000000000000e+02  -8.0000000000000004e-01 #xyz tv1
           0.0000000000000000e+00   1.1000000000000000e+02  -8.0000000000000004e-01 #xyz tv2
           4.9999999999999973e+00   1.0500000000000001e+02  -8.3500000000000008e-01 -1 1861 #xyz tv3 fid bid
           4.9999999999999973e+00   1.0500000000000001e+02  -8.0000000000000016e-01 #xyz tv0
           0.0000000000000000e+00   1.1000000000000000e+02  -8.0000000000000004e-01 #xyz tv1
           0.0000000000000000e+00   1.0000000000000000e+02  -8.0000000000000004e-01 #xyz tv2
           4.9999999999999973e+00   1.0500000000000001e+02  -8.3500000000000008e-01 -1 1861 #xyz tv3 fid bid
           4.9999999999999973e+00   1.0500000000000001e+02  -8.3500000000000008e-01 #xyz ev0
           4.9999999999999973e+00   1.0500000000000001e+02  -8.0000000000000016e-01 -1 1861 #xyz ev1 fid bid
   0   0.000000000000e+00   0.000000000000e+00   0.000000000000e+00 #flag location
END_ERR 
G3dErrFileVersion 2025R1
FlagFileMetaData Begin
   Mesh Size - Setup1, Refinement, Pass #2, Freq. 1.575000e+09 :Title    
   Listing of mesh elements with poor quality. :ToolTip  
   hf3d :Author   
   1761008927 :TimeStamp
   mm :UnitName 
   1.0000000000000000e-03 :UnitConv
FlagFileMetaData End
BEGIN_ERR 
26 Small mesh segment detected on body : Box18
 Small mesh segment detected on body : Box18 
 Segment Statistics - Number of Segments : 1 --- Segment length(s) : 0.035000mm. The cutoff frequency for S-Matrix Only Solve is 599.584916kHz 
2 -1  1950  # nfids, fids[]
2 1973  -1  # nbids, bids[]
      6 2 1 0 #ntets ntri ned npts
           1.3749999999999991e+01   1.2413000000000007e+02   8.3500000000000008e-01 #xyz tv0
           1.6260887628412892e+01   1.2138642855268057e+02   8.0000000000000004e-01 #xyz tv1
           1.3749999999999991e+01   1.2413000000000007e+02   8.0000000000000004e-01 #xyz tv2
           1.5879976652636635e+01   1.2132490562340689e+02   8.3500000000000008e-01 -1 1973 #xyz tv3 fid bid
           1.3749999999999991e+01   1.2413000000000007e+02   8.3500000000000008e-01 #xyz tv0
           1.3749999999999991e+01   1.2413000000000007e+02   8.0000000000000004e-01 #xyz tv1
           1.6260887628412892e+01   1.2138642855268057e+02   8.0000000000000004e-01 #xyz tv2
           1.6249999999999993e+01   1.2413000000000007e+02   8.0000000000000004e-01 -1 1973 #xyz tv3 fid bid
           1.1249999999999995e+01   1.2125000000000000e+02   8.3500000000000008e-01 #xyz tv0
           1.3749999999999991e+01   1.2413000000000007e+02   8.0000000000000004e-01 #xyz tv1
           1.5879976652636635e+01   1.2132490562340689e+02   8.3500000000000008e-01 #xyz tv2
           1.3749999999999991e+01   1.2413000000000007e+02   8.3500000000000008e-01 -1 1973 #xyz tv3 fid bid
           1.3749999999999991e+01   1.2413000000000007e+02   8.0000000000000004e-01 #xyz tv0
           1.2788218557098757e+01   1.2704010894326868e+02   8.0000000000000004e-01 #xyz tv1
           1.6249999999999993e+01   1.2413000000000007e+02   8.0000000000000004e-01 #xyz tv2
           1.3749999999999991e+01   1.2413000000000007e+02   8.3500000000000008e-01 -1 1973 #xyz tv3 fid bid
           1.1249999999999995e+01   1.2125000000000000e+02   8.3500000000000008e-01 #xyz tv0
           1.1249999999999989e+01   1.2413000000000007e+02   8.3500000000000008e-01 #xyz tv1
           1.3749999999999991e+01   1.2413000000000007e+02   8.0000000000000004e-01 #xyz tv2
           1.3749999999999991e+01   1.2413000000000007e+02   8.3500000000000008e-01 -1 1973 #xyz tv3 fid bid
           1.3749999999999991e+01   1.2413000000000007e+02   8.0000000000000004e-01 #xyz tv0
           1.1249999999999989e+01   1.2413000000000007e+02   8.3500000000000008e-01 #xyz tv1
           1.2788218557098757e+01   1.2704010894326868e+02   8.0000000000000004e-01 #xyz tv2
           1.3749999999999991e+01   1.2413000000000007e+02   8.3500000000000008e-01 -1 1973 #xyz tv3 fid bid
           1.3749999999999991e+01   1.2413000000000007e+02   8.3500000000000008e-01 #xyz tv0
           1.1249999999999989e+01   1.2413000000000007e+02   8.3500000000000008e-01 #xyz tv1
           1.3749999999999991e+01   1.2413000000000007e+02   8.0000000000000004e-01 1950 -1 #xyz tv2 fid bid
           1.6249999999999993e+01   1.2413000000000007e+02   8.0000000000000004e-01 #xyz tv0
           1.3749999999999991e+01   1.2413000000000007e+02   8.3500000000000008e-01 #xyz tv1
           1.3749999999999991e+01   1.2413000000000007e+02   8.0000000000000004e-01 1950 -1 #xyz tv2 fid bid
           1.3749999999999991e+01   1.2413000000000007e+02   8.0000000000000004e-01 #xyz ev0
           1.3749999999999991e+01   1.2413000000000007e+02   8.3500000000000008e-01 -1 1973 #xyz ev1 fid bid
   0   0.000000000000e+00   0.000000000000e+00   0.000000000000e+00 #flag location
END_ERR 
BEGIN_ERR 
26 Small mesh segment detected on body : Box18
 Small mesh segment detected on body : Box18 
 Segment Statistics - Number of Segments : 1 --- Segment length(s) : 0.035000mm. The cutoff frequency for S-Matrix Only Solve is 599.584916kHz 
2 -1  1950  # nfids, fids[]
2 1973  -1  # nbids, bids[]
      4 2 1 0 #ntets ntri ned npts
           1.3123713991769534e+00   1.2151719135802469e+02   8.3500000000000008e-01 #xyz tv0
          -1.2500000000000011e+00   1.2413000000000007e+02   8.3500000000000008e-01 #xyz tv1
           1.2500000000000011e+00   1.2413000000000007e+02   8.0000000000000004e-01 #xyz tv2
           1.2500000000000011e+00   1.2413000000000007e+02   8.3500000000000008e-01 -1 1973 #xyz tv3 fid bid
           1.2500000000000011e+00   1.2413000000000007e+02   8.3500000000000008e-01 #xyz tv0
           1.2500000000000011e+00   1.2413000000000007e+02   8.0000000000000004e-01 #xyz tv1
           6.7361111111110938e-01   1.2570829629629631e+02   8.0000000000000004e-01 #xyz tv2
          -1.2500000000000011e+00   1.2413000000000007e+02   8.3500000000000008e-01 -1 1973 #xyz tv3 fid bid
           1.3123713991769534e+00   1.2151719135802469e+02   8.3500000000000008e-01 #xyz tv0
           1.2500000000000011e+00   1.2413000000000007e+02   8.0000000000000004e-01 #xyz tv1
           3.7499999999999893e+00   1.2413000000000007e+02   8.0000000000000004e-01 #xyz tv2
           1.2500000000000011e+00   1.2413000000000007e+02   8.3500000000000008e-01 -1 1973 #xyz tv3 fid bid
           3.7499999999999893e+00   1.2413000000000007e+02   8.0000000000000004e-01 #xyz tv0
           6.7361111111110938e-01   1.2570829629629631e+02   8.0000000000000004e-01 #xyz tv1
           1.2500000000000011e+00   1.2413000000000007e+02   8.3500000000000008e-01 #xyz tv2
           1.2500000000000011e+00   1.2413000000000007e+02   8.0000000000000004e-01 -1 1973 #xyz tv3 fid bid
           1.2500000000000011e+00   1.2413000000000007e+02   8.3500000000000008e-01 #xyz tv0
          -1.2500000000000011e+00   1.2413000000000007e+02   8.3500000000000008e-01 #xyz tv1
           1.2500000000000011e+00   1.2413000000000007e+02   8.0000000000000004e-01 1950 -1 #xyz tv2 fid bid
           1.2500000000000011e+00   1.2413000000000007e+02   8.0000000000000004e-01 #xyz tv0
           3.7499999999999893e+00   1.2413000000000007e+02   8.0000000000000004e-01 #xyz tv1
           1.2500000000000011e+00   1.2413000000000007e+02   8.3500000000000008e-01 1950 -1 #xyz tv2 fid bid
           1.2500000000000011e+00   1.2413000000000007e+02   8.0000000000000004e-01 #xyz ev0
           1.2500000000000011e+00   1.2413000000000007e+02   8.3500000000000008e-01 -1 1973 #xyz ev1 fid bid
   0   0.000000000000e+00   0.000000000000e+00   0.000000000000e+00 #flag location
END_ERR 
G3dErrFileVersion 2025R1
FlagFileMetaData Begin
   Mesh Size - Setup1, Refinement, Pass #3, Freq. 1.575000e+09 :Title    
   Listing of mesh elements with poor quality. :ToolTip  
   hf3d :Author   
   1761008930 :TimeStamp
   mm :UnitName 
   1.0000000000000000e-03 :UnitConv
FlagFileMetaData End
BEGIN_ERR 
26 Small mesh segment detected on body : Box18
 Small mesh segment detected on body : Box18 
 Segment Statistics - Number of Segments : 1 --- Segment length(s) : 0.035000mm. The cutoff frequency for S-Matrix Only Solve is 599.584916kHz 
2 -1  1950  # nfids, fids[]
2 1973  -1  # nbids, bids[]
      6 2 1 0 #ntets ntri ned npts
           3.7499999999999929e+00   1.2413000000000008e+02   8.3500000000000008e-01 #xyz tv0
           3.7499999999999893e+00   1.2413000000000008e+02   8.0000000000000004e-01 #xyz tv1
           1.3123713991769534e+00   1.2151719135802469e+02   8.3500000000000008e-01 #xyz tv2
           3.6410443002883106e+00   1.2140298341967107e+02   8.0000000000000004e-01 -1 1973 #xyz tv3 fid bid
           3.7499999999999929e+00   1.2413000000000008e+02   8.3500000000000008e-01 #xyz tv0
           1.3123713991769534e+00   1.2151719135802469e+02   8.3500000000000008e-01 #xyz tv1
           3.7499999999999893e+00   1.2413000000000008e+02   8.0000000000000004e-01 #xyz tv2
           1.2500000000000011e+00   1.2413000000000008e+02   8.3500000000000008e-01 -1 1973 #xyz tv3 fid bid
           3.7499999999999929e+00   1.2413000000000008e+02   8.3500000000000008e-01 #xyz tv0
           3.6410443002883106e+00   1.2140298341967107e+02   8.0000000000000004e-01 #xyz tv1
           6.2500000000000018e+00   1.2413000000000008e+02   8.0000000000000004e-01 #xyz tv2
           3.7499999999999893e+00   1.2413000000000008e+02   8.0000000000000004e-01 -1 1973 #xyz tv3 fid bid
           2.2228538506594107e+00   1.2492510016801637e+02   8.0000000000000004e-01 #xyz tv0
           1.2500000000000011e+00   1.2413000000000008e+02   8.3500000000000008e-01 #xyz tv1
           3.7499999999999929e+00   1.2413000000000008e+02   8.3500000000000008e-01 #xyz tv2
           3.7499999999999893e+00   1.2413000000000008e+02   8.0000000000000004e-01 -1 1973 #xyz tv3 fid bid
           3.3646204659217194e+00   1.2571742123216312e+02   8.0000000000000004e-01 #xyz tv0
           3.7499999999999929e+00   1.2413000000000008e+02   8.3500000000000008e-01 #xyz tv1
           6.2500000000000018e+00   1.2413000000000008e+02   8.0000000000000004e-01 #xyz tv2
           3.7499999999999893e+00   1.2413000000000008e+02   8.0000000000000004e-01 -1 1973 #xyz tv3 fid bid
           2.2228538506594107e+00   1.2492510016801637e+02   8.0000000000000004e-01 #xyz tv0
           3.7499999999999929e+00   1.2413000000000008e+02   8.3500000000000008e-01 #xyz tv1
           3.3646204659217194e+00   1.2571742123216312e+02   8.0000000000000004e-01 #xyz tv2
           3.7499999999999893e+00   1.2413000000000008e+02   8.0000000000000004e-01 -1 1973 #xyz tv3 fid bid
           6.2500000000000018e+00   1.2413000000000008e+02   8.0000000000000004e-01 #xyz tv0
           3.7499999999999929e+00   1.2413000000000008e+02   8.3500000000000008e-01 #xyz tv1
           3.7499999999999893e+00   1.2413000000000008e+02   8.0000000000000004e-01 1950 -1 #xyz tv2 fid bid
           1.2500000000000011e+00   1.2413000000000008e+02   8.3500000000000008e-01 #xyz tv0
           3.7499999999999893e+00   1.2413000000000008e+02   8.0000000000000004e-01 #xyz tv1
           3.7499999999999929e+00   1.2413000000000008e+02   8.3500000000000008e-01 1950 -1 #xyz tv2 fid bid
           3.7499999999999929e+00   1.2413000000000008e+02   8.3500000000000008e-01 #xyz ev0
           3.7499999999999893e+00   1.2413000000000008e+02   8.0000000000000004e-01 -1 1973 #xyz ev1 fid bid
   0   0.000000000000e+00   0.000000000000e+00   0.000000000000e+00 #flag location
END_ERR 
BEGIN_ERR 
26 Small mesh segment detected on body : Box18
 Small mesh segment detected on body : Box18 
 Segment Statistics - Number of Segments : 1 --- Segment length(s) : 0.035000mm. The cutoff frequency for S-Matrix Only Solve is 599.584916kHz 
2 -1  1950  # nfids, fids[]
2 1973  -1  # nbids, bids[]
      5 2 1 0 #ntets ntri ned npts
           1.1249999999999989e+01   1.2413000000000008e+02   8.3500000000000008e-01 #xyz tv0
           1.3749999999999991e+01   1.2413000000000008e+02   8.0000000000000004e-01 #xyz tv1
           1.4090516478945684e+01   1.2185352589390098e+02   8.0000000000000004e-01 #xyz tv2
           1.3749999999999991e+01   1.2413000000000008e+02   8.3500000000000008e-01 -1 1973 #xyz tv3 fid bid
           1.3749999999999991e+01   1.2413000000000008e+02   8.3500000000000008e-01 #xyz tv0
           1.4090516478945684e+01   1.2185352589390098e+02   8.0000000000000004e-01 #xyz tv1
           1.6249999999999993e+01   1.2413000000000008e+02   8.0000000000000004e-01 #xyz tv2
           1.3749999999999991e+01   1.2413000000000008e+02   8.0000000000000004e-01 -1 1973 #xyz tv3 fid bid
           1.3749999999999991e+01   1.2413000000000008e+02   8.0000000000000004e-01 #xyz tv0
           1.1249999999999989e+01   1.2413000000000008e+02   8.3500000000000008e-01 #xyz tv1
           1.2788218557098757e+01   1.2704010894326868e+02   8.0000000000000004e-01 #xyz tv2
           1.3749999999999991e+01   1.2413000000000008e+02   8.3500000000000008e-01 -1 1973 #xyz tv3 fid bid
           1.4584501848562402e+01   1.2547336280173285e+02   8.0000000000000004e-01 #xyz tv0
           1.3749999999999991e+01   1.2413000000000008e+02   8.0000000000000004e-01 #xyz tv1
           1.3749999999999991e+01   1.2413000000000008e+02   8.3500000000000008e-01 #xyz tv2
           1.6249999999999993e+01   1.2413000000000008e+02   8.0000000000000004e-01 -1 1973 #xyz tv3 fid bid
           1.4584501848562402e+01   1.2547336280173285e+02   8.0000000000000004e-01 #xyz tv0
           1.3749999999999991e+01   1.2413000000000008e+02   8.3500000000000008e-01 #xyz tv1
           1.3749999999999991e+01   1.2413000000000008e+02   8.0000000000000004e-01 #xyz tv2
           1.2788218557098757e+01   1.2704010894326868e+02   8.0000000000000004e-01 -1 1973 #xyz tv3 fid bid
           1.3749999999999991e+01   1.2413000000000008e+02   8.3500000000000008e-01 #xyz tv0
           1.1249999999999989e+01   1.2413000000000008e+02   8.3500000000000008e-01 #xyz tv1
           1.3749999999999991e+01   1.2413000000000008e+02   8.0000000000000004e-01 1950 -1 #xyz tv2 fid bid
           1.6249999999999993e+01   1.2413000000000008e+02   8.0000000000000004e-01 #xyz tv0
           1.3749999999999991e+01   1.2413000000000008e+02   8.3500000000000008e-01 #xyz tv1
           1.3749999999999991e+01   1.2413000000000008e+02   8.0000000000000004e-01 1950 -1 #xyz tv2 fid bid
           1.3749999999999991e+01   1.2413000000000008e+02   8.0000000000000004e-01 #xyz ev0
           1.3749999999999991e+01   1.2413000000000008e+02   8.3500000000000008e-01 -1 1973 #xyz ev1 fid bid
   0   0.000000000000e+00   0.000000000000e+00   0.000000000000e+00 #flag location
END_ERR 
G3dErrFileVersion 2025R1
FlagFileMetaData Begin
   Mesh Size - Setup1, Refinement, Pass #4, Freq. 1.575000e+09 :Title    
   Listing of mesh elements with poor quality. :ToolTip  
   hf3d :Author   
   1761008936 :TimeStamp
   mm :UnitName 
   1.0000000000000000e-03 :UnitConv
FlagFileMetaData End
BEGIN_ERR 
26 Small mesh segment detected on body : Box18
 Small mesh segment detected on body : Box18 
 Segment Statistics - Number of Segments : 1 --- Segment length(s) : 0.035000mm. The cutoff frequency for S-Matrix Only Solve is 599.584916kHz 
2 -1  1950  # nfids, fids[]
2 1973  -1  # nbids, bids[]
      6 2 1 0 #ntets ntri ned npts
           3.7499999999999929e+00   1.2413000000000008e+02   8.3500000000000008e-01 #xyz tv0
           2.4999999999999951e+00   1.2413000000000008e+02   8.0000000000000004e-01 #xyz tv1
           3.6410443002883106e+00   1.2140298341967109e+02   8.0000000000000004e-01 #xyz tv2
           3.7499999999999893e+00   1.2413000000000008e+02   8.0000000000000004e-01 -1 1973 #xyz tv3 fid bid
           3.7499999999999929e+00   1.2413000000000008e+02   8.3500000000000008e-01 #xyz tv0
           3.6410443002883106e+00   1.2140298341967109e+02   8.0000000000000004e-01 #xyz tv1
           6.2500000000000018e+00   1.2413000000000008e+02   8.0000000000000004e-01 #xyz tv2
           3.7499999999999893e+00   1.2413000000000008e+02   8.0000000000000004e-01 -1 1973 #xyz tv3 fid bid
           3.7499999999999929e+00   1.2413000000000008e+02   8.3500000000000008e-01 #xyz tv0
           2.2123053918050259e+00   1.2500989320875503e+02   8.0000000000000004e-01 #xyz tv1
           2.4999999999999951e+00   1.2413000000000008e+02   8.0000000000000004e-01 #xyz tv2
           3.7499999999999893e+00   1.2413000000000008e+02   8.0000000000000004e-01 -1 1973 #xyz tv3 fid bid
           4.9972892100149107e+00   1.2512102692811754e+02   8.0000000000000004e-01 #xyz tv0
           3.7499999999999893e+00   1.2413000000000008e+02   8.0000000000000004e-01 #xyz tv1
           3.7499999999999929e+00   1.2413000000000008e+02   8.3500000000000008e-01 #xyz tv2
           6.2500000000000018e+00   1.2413000000000008e+02   8.0000000000000004e-01 -1 1973 #xyz tv3 fid bid
           2.2123053918050259e+00   1.2500989320875503e+02   8.0000000000000004e-01 #xyz tv0
           3.7499999999999929e+00   1.2413000000000008e+02   8.3500000000000008e-01 #xyz tv1
           3.3646204659217198e+00   1.2571742123216312e+02   8.0000000000000004e-01 #xyz tv2
           3.7499999999999893e+00   1.2413000000000008e+02   8.0000000000000004e-01 -1 1973 #xyz tv3 fid bid
           4.9972892100149107e+00   1.2512102692811754e+02   8.0000000000000004e-01 #xyz tv0
           3.7499999999999929e+00   1.2413000000000008e+02   8.3500000000000008e-01 #xyz tv1
           3.7499999999999893e+00   1.2413000000000008e+02   8.0000000000000004e-01 #xyz tv2
           3.3646204659217198e+00   1.2571742123216312e+02   8.0000000000000004e-01 -1 1973 #xyz tv3 fid bid
           6.2500000000000018e+00   1.2413000000000008e+02   8.0000000000000004e-01 #xyz tv0
           3.7499999999999929e+00   1.2413000000000008e+02   8.3500000000000008e-01 #xyz tv1
           3.7499999999999893e+00   1.2413000000000008e+02   8.0000000000000004e-01 1950 -1 #xyz tv2 fid bid
           3.7499999999999929e+00   1.2413000000000008e+02   8.3500000000000008e-01 #xyz tv0
           2.4999999999999951e+00   1.2413000000000008e+02   8.0000000000000004e-01 #xyz tv1
           3.7499999999999893e+00   1.2413000000000008e+02   8.0000000000000004e-01 1950 -1 #xyz tv2 fid bid
           3.7499999999999929e+00   1.2413000000000008e+02   8.3500000000000008e-01 #xyz ev0
           3.7499999999999893e+00   1.2413000000000008e+02   8.0000000000000004e-01 -1 1973 #xyz ev1 fid bid
   0   0.000000000000e+00   0.000000000000e+00   0.000000000000e+00 #flag location
END_ERR 
BEGIN_ERR 
26 Small mesh segment detected on body : Box18
 Small mesh segment detected on body : Box18 
 Segment Statistics - Number of Segments : 1 --- Segment length(s) : 0.035000mm. The cutoff frequency for S-Matrix Only Solve is 599.584916kHz 
2 -1  1950  # nfids, fids[]
2 1973  -1  # nbids, bids[]
      5 2 1 0 #ntets ntri ned npts
           1.4999999999999993e+01   1.2413000000000008e+02   8.0000000000000004e-01 #xyz tv0
           1.3749999999999991e+01   1.2413000000000008e+02   8.3500000000000008e-01 #xyz tv1
           1.4090516478945684e+01   1.2185352589390098e+02   8.0000000000000004e-01 #xyz tv2
           1.3749999999999991e+01   1.2413000000000008e+02   8.0000000000000004e-01 -1 1973 #xyz tv3 fid bid
           1.1249999999999989e+01   1.2413000000000008e+02   8.3500000000000008e-01 #xyz tv0
           1.3749999999999991e+01   1.2413000000000008e+02   8.0000000000000004e-01 #xyz tv1
           1.4090516478945684e+01   1.2185352589390098e+02   8.0000000000000004e-01 #xyz tv2
           1.3749999999999991e+01   1.2413000000000008e+02   8.3500000000000008e-01 -1 1973 #xyz tv3 fid bid
           1.4999999999999993e+01   1.2413000000000008e+02   8.0000000000000004e-01 #xyz tv0
           1.4456869424630881e+01   1.2557610678432570e+02   8.0000000000000004e-01 #xyz tv1
           1.3749999999999991e+01   1.2413000000000008e+02   8.3500000000000008e-01 #xyz tv2
           1.3749999999999991e+01   1.2413000000000008e+02   8.0000000000000004e-01 -1 1973 #xyz tv3 fid bid
           1.3749999999999991e+01   1.2413000000000008e+02   8.3500000000000008e-01 #xyz tv0
           1.2126430979113255e+01   1.2553166613299557e+02   8.0000000000000004e-01 #xyz tv1
           1.1249999999999989e+01   1.2413000000000008e+02   8.3500000000000008e-01 #xyz tv2
           1.3749999999999991e+01   1.2413000000000008e+02   8.0000000000000004e-01 -1 1973 #xyz tv3 fid bid
           1.3749999999999991e+01   1.2413000000000008e+02   8.3500000000000008e-01 #xyz tv0
           1.4456869424630881e+01   1.2557610678432570e+02   8.0000000000000004e-01 #xyz tv1
           1.2126430979113255e+01   1.2553166613299557e+02   8.0000000000000004e-01 #xyz tv2
           1.3749999999999991e+01   1.2413000000000008e+02   8.0000000000000004e-01 -1 1973 #xyz tv3 fid bid
           1.3749999999999991e+01   1.2413000000000008e+02   8.3500000000000008e-01 #xyz tv0
           1.1249999999999989e+01   1.2413000000000008e+02   8.3500000000000008e-01 #xyz tv1
           1.3749999999999991e+01   1.2413000000000008e+02   8.0000000000000004e-01 1950 -1 #xyz tv2 fid bid
           1.4999999999999993e+01   1.2413000000000008e+02   8.0000000000000004e-01 #xyz tv0
           1.3749999999999991e+01   1.2413000000000008e+02   8.3500000000000008e-01 #xyz tv1
           1.3749999999999991e+01   1.2413000000000008e+02   8.0000000000000004e-01 1950 -1 #xyz tv2 fid bid
           1.3749999999999991e+01   1.2413000000000008e+02   8.0000000000000004e-01 #xyz ev0
           1.3749999999999991e+01   1.2413000000000008e+02   8.3500000000000008e-01 -1 1973 #xyz ev1 fid bid
   0   0.000000000000e+00   0.000000000000e+00   0.000000000000e+00 #flag location
END_ERR 
G3dErrFileVersion 2025R1
FlagFileMetaData Begin
   Mesh Size - Setup1, Refinement, Pass #5, Freq. 1.575000e+09 :Title    
   Listing of mesh elements with poor quality. :ToolTip  
   hf3d :Author   
   1761008941 :TimeStamp
   mm :UnitName 
   1.0000000000000000e-03 :UnitConv
FlagFileMetaData End
BEGIN_ERR 
26 Small mesh segment detected on body : Box18
 Small mesh segment detected on body : Box18 
 Segment Statistics - Number of Segments : 1 --- Segment length(s) : 0.035000mm. The cutoff frequency for S-Matrix Only Solve is 599.584916kHz 
2 -1  1950  # nfids, fids[]
2 1973  -1  # nbids, bids[]
      6 2 1 0 #ntets ntri ned npts
          -8.7500000000000089e+00   1.2413000000000008e+02   8.3500000000000008e-01 #xyz tv0
          -6.3818520596478265e+00   1.2150297092454689e+02   8.0000000000000004e-01 #xyz tv1
          -7.5000000000000053e+00   1.2413000000000008e+02   8.0000000000000004e-01 #xyz tv2
          -8.7500000000000071e+00   1.2413000000000008e+02   8.0000000000000004e-01 -1 1973 #xyz tv3 fid bid
          -8.7500000000000089e+00   1.2413000000000008e+02   8.3500000000000008e-01 #xyz tv0
          -7.5000000000000053e+00   1.2413000000000008e+02   8.0000000000000004e-01 #xyz tv1
          -6.9622649710282198e+00   1.2568099842564231e+02   8.0000000000000004e-01 #xyz tv2
          -8.7500000000000071e+00   1.2413000000000008e+02   8.0000000000000004e-01 -1 1973 #xyz tv3 fid bid
          -8.7500000000000089e+00   1.2413000000000008e+02   8.3500000000000008e-01 #xyz tv0
          -9.9543916934656558e+00   1.2155429478704762e+02   8.0000000000000004e-01 #xyz tv1
          -6.3818520596478265e+00   1.2150297092454689e+02   8.0000000000000004e-01 #xyz tv2
          -8.7500000000000071e+00   1.2413000000000008e+02   8.0000000000000004e-01 -1 1973 #xyz tv3 fid bid
          -8.7500000000000089e+00   1.2413000000000008e+02   8.3500000000000008e-01 #xyz tv0
          -6.9622649710282198e+00   1.2568099842564231e+02   8.0000000000000004e-01 #xyz tv1
          -9.6465912939776288e+00   1.2586041503687071e+02   8.0000000000000004e-01 #xyz tv2
          -8.7500000000000071e+00   1.2413000000000008e+02   8.0000000000000004e-01 -1 1973 #xyz tv3 fid bid
          -9.9543916934656558e+00   1.2155429478704762e+02   8.0000000000000004e-01 #xyz tv0
          -8.7500000000000071e+00   1.2413000000000008e+02   8.0000000000000004e-01 #xyz tv1
          -8.7500000000000089e+00   1.2413000000000008e+02   8.3500000000000008e-01 #xyz tv2
          -1.1250000000000020e+01   1.2413000000000008e+02   8.3500000000000008e-01 -1 1973 #xyz tv3 fid bid
          -8.7500000000000089e+00   1.2413000000000008e+02   8.3500000000000008e-01 #xyz tv0
          -8.7500000000000071e+00   1.2413000000000008e+02   8.0000000000000004e-01 #xyz tv1
          -9.6465912939776288e+00   1.2586041503687071e+02   8.0000000000000004e-01 #xyz tv2
          -1.1250000000000020e+01   1.2413000000000008e+02   8.3500000000000008e-01 -1 1973 #xyz tv3 fid bid
          -8.7500000000000071e+00   1.2413000000000008e+02   8.0000000000000004e-01 #xyz tv0
          -8.7500000000000089e+00   1.2413000000000008e+02   8.3500000000000008e-01 #xyz tv1
          -1.1250000000000020e+01   1.2413000000000008e+02   8.3500000000000008e-01 1950 -1 #xyz tv2 fid bid
          -7.5000000000000053e+00   1.2413000000000008e+02   8.0000000000000004e-01 #xyz tv0
          -8.7500000000000089e+00   1.2413000000000008e+02   8.3500000000000008e-01 #xyz tv1
          -8.7500000000000071e+00   1.2413000000000008e+02   8.0000000000000004e-01 1950 -1 #xyz tv2 fid bid
          -8.7500000000000071e+00   1.2413000000000008e+02   8.0000000000000004e-01 #xyz ev0
          -8.7500000000000089e+00   1.2413000000000008e+02   8.3500000000000008e-01 -1 1973 #xyz ev1 fid bid
   0   0.000000000000e+00   0.000000000000e+00   0.000000000000e+00 #flag location
END_ERR 
BEGIN_ERR 
26 Small mesh segment detected on body : Box18
 Small mesh segment detected on body : Box18 
 Segment Statistics - Number of Segments : 1 --- Segment length(s) : 0.035000mm. The cutoff frequency for S-Matrix Only Solve is 599.584916kHz 
2 -1  1950  # nfids, fids[]
2 1973  -1  # nbids, bids[]
      6 2 1 0 #ntets ntri ned npts
           3.7499999999999929e+00   1.2413000000000008e+02   8.3500000000000008e-01 #xyz tv0
           2.4999999999999951e+00   1.2413000000000008e+02   8.0000000000000004e-01 #xyz tv1
           3.6410443002883106e+00   1.2140298341967110e+02   8.0000000000000004e-01 #xyz tv2
           3.7499999999999893e+00   1.2413000000000008e+02   8.0000000000000004e-01 -1 1973 #xyz tv3 fid bid
           3.7499999999999929e+00   1.2413000000000008e+02   8.3500000000000008e-01 #xyz tv0
           3.6410443002883106e+00   1.2140298341967110e+02   8.0000000000000004e-01 #xyz tv1
           6.2500000000000018e+00   1.2413000000000008e+02   8.0000000000000004e-01 #xyz tv2
           3.7499999999999893e+00   1.2413000000000008e+02   8.0000000000000004e-01 -1 1973 #xyz tv3 fid bid
           2.9811526959025079e+00   1.2456994660437755e+02   8.0000000000000004e-01 #xyz tv0
           2.4999999999999951e+00   1.2413000000000008e+02   8.0000000000000004e-01 #xyz tv1
           3.7499999999999929e+00   1.2413000000000008e+02   8.3500000000000008e-01 #xyz tv2
           3.7499999999999893e+00   1.2413000000000008e+02   8.0000000000000004e-01 -1 1973 #xyz tv3 fid bid
           5.1768858391641359e+00   1.2529744020983175e+02   8.0000000000000004e-01 #xyz tv0
           3.7499999999999893e+00   1.2413000000000008e+02   8.0000000000000004e-01 #xyz tv1
           3.7499999999999929e+00   1.2413000000000008e+02   8.3500000000000008e-01 #xyz tv2
           6.2500000000000018e+00   1.2413000000000008e+02   8.0000000000000004e-01 -1 1973 #xyz tv3 fid bid
           2.9811526959025079e+00   1.2456994660437755e+02   8.0000000000000004e-01 #xyz tv0
           3.7499999999999929e+00   1.2413000000000008e+02   8.3500000000000008e-01 #xyz tv1
           3.3075177779488056e+00   1.2578432717246064e+02   8.0000000000000004e-01 #xyz tv2
           3.7499999999999893e+00   1.2413000000000008e+02   8.0000000000000004e-01 -1 1973 #xyz tv3 fid bid
           5.1768858391641359e+00   1.2529744020983175e+02   8.0000000000000004e-01 #xyz tv0
           3.7499999999999929e+00   1.2413000000000008e+02   8.3500000000000008e-01 #xyz tv1
           3.7499999999999893e+00   1.2413000000000008e+02   8.0000000000000004e-01 #xyz tv2
           3.3075177779488056e+00   1.2578432717246064e+02   8.0000000000000004e-01 -1 1973 #xyz tv3 fid bid
           6.2500000000000018e+00   1.2413000000000008e+02   8.0000000000000004e-01 #xyz tv0
           3.7499999999999929e+00   1.2413000000000008e+02   8.3500000000000008e-01 #xyz tv1
           3.7499999999999893e+00   1.2413000000000008e+02   8.0000000000000004e-01 1950 -1 #xyz tv2 fid bid
           3.7499999999999929e+00   1.2413000000000008e+02   8.3500000000000008e-01 #xyz tv0
           2.4999999999999951e+00   1.2413000000000008e+02   8.0000000000000004e-01 #xyz tv1
           3.7499999999999893e+00   1.2413000000000008e+02   8.0000000000000004e-01 1950 -1 #xyz tv2 fid bid
           3.7499999999999929e+00   1.2413000000000008e+02   8.3500000000000008e-01 #xyz ev0
           3.7499999999999893e+00   1.2413000000000008e+02   8.0000000000000004e-01 -1 1973 #xyz ev1 fid bid
   0   0.000000000000e+00   0.000000000000e+00   0.000000000000e+00 #flag location
END_ERR 
