G3dErrFileVersion 2025R1
FlagFileMetaData Begin
   Mesh Size - Setup1, Refinement, Pass #1, Freq. 9.150000e+08 :Title    
   Listing of mesh elements with poor quality. :ToolTip  
   hf3d :Author   
   1761267797 :TimeStamp
   mm :UnitName 
   1.0000000000000000e-03 :UnitConv
FlagFileMetaData End
BEGIN_ERR 
26 Small mesh segment detected on body : Box8
 Small mesh segment detected on body : Box8 
 Segment Statistics - Number of Segments : 1 --- Segment length(s) : 0.035000mm. The cutoff frequency for S-Matrix Only Solve is 731.201117073171kHz 
2 -1  1082  # nfids, fids[]
2 1077  -1  # nbids, bids[]
      6 2 1 0 #ntets ntri ned npts
           2.5591348589100459e+01   8.9068425861618028e+00   3.5000000000000003e-02 #xyz tv0
           2.3577917611754874e+01   1.0323756767033839e+01   3.5000000000000003e-02 #xyz tv1
           2.3471049383805223e+01   8.1688911962369968e+00   0.0000000000000000e+00 #xyz tv2
           2.3577917611754902e+01   1.0323756767033846e+01   0.0000000000000000e+00 -1 1077 #xyz tv3 fid bid
           2.3471049383805223e+01   8.1688911962369968e+00   0.0000000000000000e+00 #xyz tv0
           2.3577917611754874e+01   1.0323756767033839e+01   3.5000000000000003e-02 #xyz tv1
           2.0774089285360489e+01   9.3479091105962056e+00   0.0000000000000000e+00 #xyz tv2
           2.3577917611754902e+01   1.0323756767033846e+01   0.0000000000000000e+00 -1 1077 #xyz tv3 fid bid
           2.5591348589100459e+01   8.9068425861618028e+00   3.5000000000000003e-02 #xyz tv0
           2.5657845446733269e+01   1.1047657258449865e+01   0.0000000000000000e+00 #xyz tv1
           2.3577917611754874e+01   1.0323756767033839e+01   3.5000000000000003e-02 #xyz tv2
           2.3577917611754902e+01   1.0323756767033846e+01   0.0000000000000000e+00 -1 1077 #xyz tv3 fid bid
           2.0774089285360489e+01   9.3479091105962056e+00   0.0000000000000000e+00 #xyz tv0
           2.3577917611754874e+01   1.0323756767033839e+01   3.5000000000000003e-02 #xyz tv1
           2.0986874999999994e+01   1.1068403214999986e+01  -8.5348395018058909e-15 #xyz tv2
           2.3577917611754902e+01   1.0323756767033846e+01   0.0000000000000000e+00 -1 1077 #xyz tv3 fid bid
           2.3577917611754874e+01   1.0323756767033839e+01   3.5000000000000003e-02 #xyz tv0
           2.5657845446733269e+01   1.1047657258449865e+01   0.0000000000000000e+00 #xyz tv1
           2.4484687499999993e+01   1.2234340714999986e+01   1.1659374999999925e+00 #xyz tv2
           2.3577917611754902e+01   1.0323756767033846e+01   0.0000000000000000e+00 -1 1077 #xyz tv3 fid bid
           2.3577917611754874e+01   1.0323756767033839e+01   3.5000000000000003e-02 #xyz tv0
           2.0986874999999994e+01   1.1068403214999986e+01  -8.5348395018058909e-15 #xyz tv1
           2.3577917611754902e+01   1.0323756767033846e+01   0.0000000000000000e+00 #xyz tv2
           2.4484687499999993e+01   1.2234340714999986e+01   1.1659374999999925e+00 -1 1077 #xyz tv3 fid bid
           2.3577917611754874e+01   1.0323756767033839e+01   3.5000000000000003e-02 #xyz tv0
           2.3577917611754902e+01   1.0323756767033846e+01   0.0000000000000000e+00 #xyz tv1
           2.5657845446733269e+01   1.1047657258449865e+01   0.0000000000000000e+00 1082 -1 #xyz tv2 fid bid
           2.3577917611754874e+01   1.0323756767033839e+01   3.5000000000000003e-02 #xyz tv0
           2.0774089285360489e+01   9.3479091105962056e+00   0.0000000000000000e+00 #xyz tv1
           2.3577917611754902e+01   1.0323756767033846e+01   0.0000000000000000e+00 1082 -1 #xyz tv2 fid bid
           2.3577917611754874e+01   1.0323756767033839e+01   3.5000000000000003e-02 #xyz ev0
           2.3577917611754902e+01   1.0323756767033846e+01   0.0000000000000000e+00 -1 1077 #xyz ev1 fid bid
   0   0.000000000000e+00   0.000000000000e+00   0.000000000000e+00 #flag location
END_ERR 
G3dErrFileVersion 2025R1
FlagFileMetaData Begin
   Mesh Size - Setup1, Refinement, Pass #2, Freq. 9.150000e+08 :Title    
   Listing of mesh elements with poor quality. :ToolTip  
   hf3d :Author   
   1761267801 :TimeStamp
   mm :UnitName 
   1.0000000000000000e-03 :UnitConv
FlagFileMetaData End
BEGIN_ERR 
26 Small mesh segment detected on body : Box8
 Small mesh segment detected on body : Box8 
 Segment Statistics - Number of Segments : 1 --- Segment length(s) : 0.035000mm. The cutoff frequency for S-Matrix Only Solve is 731.201117073171kHz 
2 -1  1082  # nfids, fids[]
2 1077  -1  # nbids, bids[]
      7 2 1 0 #ntets ntri ned npts
           2.3577917611754906e+01   1.0323756767033846e+01   0.0000000000000000e+00 #xyz tv0
           2.3577917611754874e+01   1.0323756767033839e+01   3.5000000000000003e-02 #xyz tv1
           2.6256281977431989e+01   9.1382667723810052e+00   0.0000000000000000e+00 #xyz tv2
           2.5822425603837548e+01   8.9872668978716987e+00   3.5000000000000003e-02 -1 1077 #xyz tv3 fid bid
           2.3577917611754906e+01   1.0323756767033846e+01   0.0000000000000000e+00 #xyz tv0
           2.6256281977431989e+01   9.1382667723810052e+00   0.0000000000000000e+00 #xyz tv1
           2.3577917611754874e+01   1.0323756767033839e+01   3.5000000000000003e-02 #xyz tv2
           2.5657845446733269e+01   1.1047657258449865e+01   0.0000000000000000e+00 -1 1077 #xyz tv3 fid bid
           2.5822425603837548e+01   8.9872668978716987e+00   3.5000000000000003e-02 #xyz tv0
           2.3577917611754874e+01   1.0323756767033839e+01   3.5000000000000003e-02 #xyz tv1
           2.3567739336908989e+01   8.2025432794460471e+00   0.0000000000000000e+00 #xyz tv2
           2.3577917611754906e+01   1.0323756767033846e+01   0.0000000000000000e+00 -1 1077 #xyz tv3 fid bid
           2.3577917611754874e+01   1.0323756767033839e+01   3.5000000000000003e-02 #xyz tv0
           2.5657845446733269e+01   1.1047657258449865e+01   0.0000000000000000e+00 #xyz tv1
           2.4484687499999993e+01   1.2234340714999986e+01   1.1659374999999925e+00 #xyz tv2
           2.3577917611754906e+01   1.0323756767033846e+01   0.0000000000000000e+00 -1 1077 #xyz tv3 fid bid
           2.3567739336908989e+01   8.2025432794460471e+00   0.0000000000000000e+00 #xyz tv0
           2.3577917611754874e+01   1.0323756767033839e+01   3.5000000000000003e-02 #xyz tv1
           2.0774089285360489e+01   9.3479091105962056e+00   0.0000000000000000e+00 #xyz tv2
           2.3577917611754906e+01   1.0323756767033846e+01   0.0000000000000000e+00 -1 1077 #xyz tv3 fid bid
           2.3577917611754906e+01   1.0323756767033846e+01   0.0000000000000000e+00 #xyz tv0
           2.2626550578829221e+01   1.0790137236780328e+01   6.0046874999999622e-01 #xyz tv1
           2.4484687499999993e+01   1.2234340714999986e+01   1.1659374999999925e+00 #xyz tv2
           2.3577917611754874e+01   1.0323756767033839e+01   3.5000000000000003e-02 -1 1077 #xyz tv3 fid bid
           2.3577917611754906e+01   1.0323756767033846e+01   0.0000000000000000e+00 #xyz tv0
           2.0774089285360489e+01   9.3479091105962056e+00   0.0000000000000000e+00 #xyz tv1
           2.2626550578829221e+01   1.0790137236780328e+01   6.0046874999999622e-01 #xyz tv2
           2.3577917611754874e+01   1.0323756767033839e+01   3.5000000000000003e-02 -1 1077 #xyz tv3 fid bid
           2.3577917611754874e+01   1.0323756767033839e+01   3.5000000000000003e-02 #xyz tv0
           2.3577917611754906e+01   1.0323756767033846e+01   0.0000000000000000e+00 #xyz tv1
           2.5657845446733269e+01   1.1047657258449865e+01   0.0000000000000000e+00 1082 -1 #xyz tv2 fid bid
           2.3577917611754874e+01   1.0323756767033839e+01   3.5000000000000003e-02 #xyz tv0
           2.0774089285360489e+01   9.3479091105962056e+00   0.0000000000000000e+00 #xyz tv1
           2.3577917611754906e+01   1.0323756767033846e+01   0.0000000000000000e+00 1082 -1 #xyz tv2 fid bid
           2.3577917611754874e+01   1.0323756767033839e+01   3.5000000000000003e-02 #xyz ev0
           2.3577917611754906e+01   1.0323756767033846e+01   0.0000000000000000e+00 -1 1077 #xyz ev1 fid bid
   0   0.000000000000e+00   0.000000000000e+00   0.000000000000e+00 #flag location
END_ERR 
G3dErrFileVersion 2025R1
FlagFileMetaData Begin
   Mesh Size - Setup1, Refinement, Pass #3, Freq. 9.150000e+08 :Title    
   Listing of mesh elements with poor quality. :ToolTip  
   hf3d :Author   
   1761267804 :TimeStamp
   mm :UnitName 
   1.0000000000000000e-03 :UnitConv
FlagFileMetaData End
BEGIN_ERR 
26 Small mesh segment detected on body : Box8
 Small mesh segment detected on body : Box8 
 Segment Statistics - Number of Segments : 1 --- Segment length(s) : 0.035000mm. The cutoff frequency for S-Matrix Only Solve is 731.201117073171kHz 
2 -1  1082  # nfids, fids[]
2 1077  -1  # nbids, bids[]
      7 2 1 0 #ntets ntri ned npts
           2.3577917611754909e+01   1.0323756767033846e+01   0.0000000000000000e+00 #xyz tv0
           2.3577917611754874e+01   1.0323756767033839e+01   3.5000000000000003e-02 #xyz tv1
           2.6065100009565285e+01   9.0717275789674261e+00   0.0000000000000000e+00 #xyz tv2
           2.5864303912090254e+01   9.0018422727553951e+00   3.5000000000000003e-02 -1 1077 #xyz tv3 fid bid
           2.3577917611754909e+01   1.0323756767033846e+01   0.0000000000000000e+00 #xyz tv0
           2.6065100009565285e+01   9.0717275789674261e+00   0.0000000000000000e+00 #xyz tv1
           2.3577917611754874e+01   1.0323756767033839e+01   3.5000000000000003e-02 #xyz tv2
           2.5657845446733269e+01   1.1047657258449865e+01   0.0000000000000000e+00 -1 1077 #xyz tv3 fid bid
           2.5864303912090254e+01   9.0018422727553951e+00   3.5000000000000003e-02 #xyz tv0
           2.3577917611754874e+01   1.0323756767033839e+01   3.5000000000000003e-02 #xyz tv1
           2.3567739336908993e+01   8.2025432794460471e+00   0.0000000000000000e+00 #xyz tv2
           2.3577917611754909e+01   1.0323756767033846e+01   0.0000000000000000e+00 -1 1077 #xyz tv3 fid bid
           2.3577917611754874e+01   1.0323756767033839e+01   3.5000000000000003e-02 #xyz tv0
           2.5657845446733269e+01   1.1047657258449865e+01   0.0000000000000000e+00 #xyz tv1
           2.4484687499999993e+01   1.2234340714999986e+01   1.1659374999999925e+00 #xyz tv2
           2.3577917611754909e+01   1.0323756767033846e+01   0.0000000000000000e+00 -1 1077 #xyz tv3 fid bid
           2.3567739336908993e+01   8.2025432794460471e+00   0.0000000000000000e+00 #xyz tv0
           2.3577917611754874e+01   1.0323756767033839e+01   3.5000000000000003e-02 #xyz tv1
           2.0774089285360489e+01   9.3479091105962056e+00   0.0000000000000000e+00 #xyz tv2
           2.3577917611754909e+01   1.0323756767033846e+01   0.0000000000000000e+00 -1 1077 #xyz tv3 fid bid
           2.3577917611754909e+01   1.0323756767033846e+01   0.0000000000000000e+00 #xyz tv0
           2.2626550578829224e+01   1.0790137236780328e+01   6.0046874999999622e-01 #xyz tv1
           2.4484687499999993e+01   1.2234340714999986e+01   1.1659374999999925e+00 #xyz tv2
           2.3577917611754874e+01   1.0323756767033839e+01   3.5000000000000003e-02 -1 1077 #xyz tv3 fid bid
           2.3577917611754909e+01   1.0323756767033846e+01   0.0000000000000000e+00 #xyz tv0
           2.0774089285360489e+01   9.3479091105962056e+00   0.0000000000000000e+00 #xyz tv1
           2.2626550578829224e+01   1.0790137236780328e+01   6.0046874999999622e-01 #xyz tv2
           2.3577917611754874e+01   1.0323756767033839e+01   3.5000000000000003e-02 -1 1077 #xyz tv3 fid bid
           2.3577917611754874e+01   1.0323756767033839e+01   3.5000000000000003e-02 #xyz tv0
           2.3577917611754909e+01   1.0323756767033846e+01   0.0000000000000000e+00 #xyz tv1
           2.5657845446733269e+01   1.1047657258449865e+01   0.0000000000000000e+00 1082 -1 #xyz tv2 fid bid
           2.3577917611754874e+01   1.0323756767033839e+01   3.5000000000000003e-02 #xyz tv0
           2.0774089285360489e+01   9.3479091105962056e+00   0.0000000000000000e+00 #xyz tv1
           2.3577917611754909e+01   1.0323756767033846e+01   0.0000000000000000e+00 1082 -1 #xyz tv2 fid bid
           2.3577917611754874e+01   1.0323756767033839e+01   3.5000000000000003e-02 #xyz ev0
           2.3577917611754909e+01   1.0323756767033846e+01   0.0000000000000000e+00 -1 1077 #xyz ev1 fid bid
   0   0.000000000000e+00   0.000000000000e+00   0.000000000000e+00 #flag location
END_ERR 
G3dErrFileVersion 2025R1
FlagFileMetaData Begin
   Mesh Size - Setup1, Refinement, Pass #4, Freq. 9.150000e+08 :Title    
   Listing of mesh elements with poor quality. :ToolTip  
   hf3d :Author   
   1761267807 :TimeStamp
   mm :UnitName 
   1.0000000000000000e-03 :UnitConv
FlagFileMetaData End
BEGIN_ERR 
26 Small mesh segment detected on body : Box8
 Small mesh segment detected on body : Box8 
 Segment Statistics - Number of Segments : 1 --- Segment length(s) : 0.035000mm. The cutoff frequency for S-Matrix Only Solve is 731.201117073171kHz 
2 -1  1082  # nfids, fids[]
2 1077  -1  # nbids, bids[]
      7 2 1 0 #ntets ntri ned npts
           2.3567739336908996e+01   8.2025432794460471e+00   0.0000000000000000e+00 #xyz tv0
           2.3577917611754874e+01   1.0323756767033839e+01   3.5000000000000003e-02 #xyz tv1
           2.0774089285360489e+01   9.3479091105962056e+00   0.0000000000000000e+00 #xyz tv2
           2.3577917611754909e+01   1.0323756767033846e+01   0.0000000000000000e+00 -1 1077 #xyz tv3 fid bid
           2.3577917611754909e+01   1.0323756767033846e+01   0.0000000000000000e+00 #xyz tv0
           2.0774089285360489e+01   9.3479091105962056e+00   0.0000000000000000e+00 #xyz tv1
           2.2626550578829228e+01   1.0790137236780328e+01   6.0046874999999622e-01 #xyz tv2
           2.3577917611754874e+01   1.0323756767033839e+01   3.5000000000000003e-02 -1 1077 #xyz tv3 fid bid
           2.5874773489153426e+01   9.0054861164763196e+00   3.5000000000000003e-02 #xyz tv0
           2.3577917611754874e+01   1.0323756767033839e+01   3.5000000000000003e-02 #xyz tv1
           2.3567739336908996e+01   8.2025432794460471e+00   0.0000000000000000e+00 #xyz tv2
           2.3577917611754909e+01   1.0323756767033846e+01   0.0000000000000000e+00 -1 1077 #xyz tv3 fid bid
           2.3577917611754909e+01   1.0323756767033846e+01   0.0000000000000000e+00 #xyz tv0
           2.2626550578829228e+01   1.0790137236780328e+01   6.0046874999999622e-01 #xyz tv1
           2.4484687499999993e+01   1.2234340714999986e+01   1.1659374999999925e+00 #xyz tv2
           2.3577917611754874e+01   1.0323756767033839e+01   3.5000000000000003e-02 -1 1077 #xyz tv3 fid bid
           2.3577917611754909e+01   1.0323756767033846e+01   0.0000000000000000e+00 #xyz tv0
           2.3577917611754874e+01   1.0323756767033839e+01   3.5000000000000003e-02 #xyz tv1
           2.5980515670343781e+01   9.0422887476277261e+00   0.0000000000000000e+00 #xyz tv2
           2.5874773489153426e+01   9.0054861164763196e+00   3.5000000000000003e-02 -1 1077 #xyz tv3 fid bid
           2.3577917611754874e+01   1.0323756767033839e+01   3.5000000000000003e-02 #xyz tv0
           2.5657845446733269e+01   1.1047657258449865e+01   0.0000000000000000e+00 #xyz tv1
           2.4484687499999993e+01   1.2234340714999986e+01   1.1659374999999925e+00 #xyz tv2
           2.3577917611754909e+01   1.0323756767033846e+01   0.0000000000000000e+00 -1 1077 #xyz tv3 fid bid
           2.3577917611754909e+01   1.0323756767033846e+01   0.0000000000000000e+00 #xyz tv0
           2.5980515670343781e+01   9.0422887476277261e+00   0.0000000000000000e+00 #xyz tv1
           2.3577917611754874e+01   1.0323756767033839e+01   3.5000000000000003e-02 #xyz tv2
           2.5657845446733269e+01   1.1047657258449865e+01   0.0000000000000000e+00 -1 1077 #xyz tv3 fid bid
           2.3577917611754874e+01   1.0323756767033839e+01   3.5000000000000003e-02 #xyz tv0
           2.3577917611754909e+01   1.0323756767033846e+01   0.0000000000000000e+00 #xyz tv1
           2.5657845446733269e+01   1.1047657258449865e+01   0.0000000000000000e+00 1082 -1 #xyz tv2 fid bid
           2.3577917611754874e+01   1.0323756767033839e+01   3.5000000000000003e-02 #xyz tv0
           2.0774089285360489e+01   9.3479091105962056e+00   0.0000000000000000e+00 #xyz tv1
           2.3577917611754909e+01   1.0323756767033846e+01   0.0000000000000000e+00 1082 -1 #xyz tv2 fid bid
           2.3577917611754874e+01   1.0323756767033839e+01   3.5000000000000003e-02 #xyz ev0
           2.3577917611754909e+01   1.0323756767033846e+01   0.0000000000000000e+00 -1 1077 #xyz ev1 fid bid
   0   0.000000000000e+00   0.000000000000e+00   0.000000000000e+00 #flag location
END_ERR 
G3dErrFileVersion 2025R1
FlagFileMetaData Begin
   Mesh Size - Setup1, Refinement, Pass #5, Freq. 9.150000e+08 :Title    
   Listing of mesh elements with poor quality. :ToolTip  
   hf3d :Author   
   1761267810 :TimeStamp
   mm :UnitName 
   1.0000000000000000e-03 :UnitConv
FlagFileMetaData End
BEGIN_ERR 
26 Small mesh segment detected on body : Box8
 Small mesh segment detected on body : Box8 
 Segment Statistics - Number of Segments : 1 --- Segment length(s) : 0.035000mm. The cutoff frequency for S-Matrix Only Solve is 731.201117073171kHz 
2 -1  1082  # nfids, fids[]
2 1077  -1  # nbids, bids[]
      7 2 1 0 #ntets ntri ned npts
           2.3567739336908996e+01   8.2025432794460471e+00   0.0000000000000000e+00 #xyz tv0
           2.3577917611754874e+01   1.0323756767033839e+01   3.5000000000000003e-02 #xyz tv1
           2.0774089285360489e+01   9.3479091105962056e+00   0.0000000000000000e+00 #xyz tv2
           2.3577917611754909e+01   1.0323756767033846e+01   0.0000000000000000e+00 -1 1077 #xyz tv3 fid bid
           2.3577917611754909e+01   1.0323756767033846e+01   0.0000000000000000e+00 #xyz tv0
           2.0774089285360489e+01   9.3479091105962056e+00   0.0000000000000000e+00 #xyz tv1
           2.2626550578829232e+01   1.0790137236780328e+01   6.0046874999999622e-01 #xyz tv2
           2.3577917611754874e+01   1.0323756767033839e+01   3.5000000000000003e-02 -1 1077 #xyz tv3 fid bid
           2.5877390883419221e+01   9.0063970774065503e+00   3.5000000000000003e-02 #xyz tv0
           2.3577917611754874e+01   1.0323756767033839e+01   3.5000000000000003e-02 #xyz tv1
           2.3567739336908996e+01   8.2025432794460471e+00   0.0000000000000000e+00 #xyz tv2
           2.3577917611754909e+01   1.0323756767033846e+01   0.0000000000000000e+00 -1 1077 #xyz tv3 fid bid
           2.3577917611754909e+01   1.0323756767033846e+01   0.0000000000000000e+00 #xyz tv0
           2.2626550578829232e+01   1.0790137236780328e+01   6.0046874999999622e-01 #xyz tv1
           2.4484687499999993e+01   1.2234340714999986e+01   1.1659374999999925e+00 #xyz tv2
           2.3577917611754874e+01   1.0323756767033839e+01   3.5000000000000003e-02 -1 1077 #xyz tv3 fid bid
           2.3577917611754909e+01   1.0323756767033846e+01   0.0000000000000000e+00 #xyz tv0
           2.3577917611754874e+01   1.0323756767033839e+01   3.5000000000000003e-02 #xyz tv1
           2.5953370794298607e+01   9.0328412135453444e+00   0.0000000000000000e+00 #xyz tv2
           2.5877390883419221e+01   9.0063970774065503e+00   3.5000000000000003e-02 -1 1077 #xyz tv3 fid bid
           2.3577917611754874e+01   1.0323756767033839e+01   3.5000000000000003e-02 #xyz tv0
           2.5657845446733269e+01   1.1047657258449865e+01   0.0000000000000000e+00 #xyz tv1
           2.4484687499999993e+01   1.2234340714999986e+01   1.1659374999999925e+00 #xyz tv2
           2.3577917611754909e+01   1.0323756767033846e+01   0.0000000000000000e+00 -1 1077 #xyz tv3 fid bid
           2.3577917611754909e+01   1.0323756767033846e+01   0.0000000000000000e+00 #xyz tv0
           2.5953370794298607e+01   9.0328412135453444e+00   0.0000000000000000e+00 #xyz tv1
           2.3577917611754874e+01   1.0323756767033839e+01   3.5000000000000003e-02 #xyz tv2
           2.5657845446733269e+01   1.1047657258449865e+01   0.0000000000000000e+00 -1 1077 #xyz tv3 fid bid
           2.3577917611754874e+01   1.0323756767033839e+01   3.5000000000000003e-02 #xyz tv0
           2.3577917611754909e+01   1.0323756767033846e+01   0.0000000000000000e+00 #xyz tv1
           2.5657845446733269e+01   1.1047657258449865e+01   0.0000000000000000e+00 1082 -1 #xyz tv2 fid bid
           2.3577917611754874e+01   1.0323756767033839e+01   3.5000000000000003e-02 #xyz tv0
           2.0774089285360489e+01   9.3479091105962056e+00   0.0000000000000000e+00 #xyz tv1
           2.3577917611754909e+01   1.0323756767033846e+01   0.0000000000000000e+00 1082 -1 #xyz tv2 fid bid
           2.3577917611754874e+01   1.0323756767033839e+01   3.5000000000000003e-02 #xyz ev0
           2.3577917611754909e+01   1.0323756767033846e+01   0.0000000000000000e+00 -1 1077 #xyz ev1 fid bid
   0   0.000000000000e+00   0.000000000000e+00   0.000000000000e+00 #flag location
END_ERR 
G3dErrFileVersion 2025R1
FlagFileMetaData Begin
   Mesh Size - Setup1, Refinement, Pass #6, Freq. 9.150000e+08 :Title    
   Listing of mesh elements with poor quality. :ToolTip  
   hf3d :Author   
   1761267816 :TimeStamp
   mm :UnitName 
   1.0000000000000000e-03 :UnitConv
FlagFileMetaData End
BEGIN_ERR 
26 Small mesh segment detected on body : Box8
 Small mesh segment detected on body : Box8 
 Segment Statistics - Number of Segments : 1 --- Segment length(s) : 0.035000mm. The cutoff frequency for S-Matrix Only Solve is 731.201117073171kHz 
2 -1  1082  # nfids, fids[]
2 1077  -1  # nbids, bids[]
      7 2 1 0 #ntets ntri ned npts
          -1.8808634513847583e-01  -6.5461791299353311e-02   0.0000000000000000e+00 #xyz tv0
           4.1085684629659458e-01   2.2606661199708915e+00   0.0000000000000000e+00 #xyz tv1
          -2.1968905386713793e+00   1.3530627013711412e+00   3.5000000000000003e-02 #xyz tv2
          -2.1968905386713735e+00   1.3530627013711412e+00   0.0000000000000000e+00 -1 1077 #xyz tv3 fid bid
          -9.1536014613716055e-01   3.0758949030512177e+00  -2.6804077832313846e-16 #xyz tv0
          -2.1968905386713735e+00   1.3530627013711412e+00   0.0000000000000000e+00 #xyz tv1
          -2.1968905386713793e+00   1.3530627013711412e+00   3.5000000000000003e-02 #xyz tv2
           4.1085684629659458e-01   2.2606661199708915e+00   0.0000000000000000e+00 -1 1077 #xyz tv3 fid bid
          -2.2633873960938020e+00  -7.8775197149666565e-01   3.5000000000000003e-02 #xyz tv0
          -1.8808634513847583e-01  -6.5461791299353311e-02   0.0000000000000000e+00 #xyz tv1
          -2.1968905386713793e+00   1.3530627013711412e+00   3.5000000000000003e-02 #xyz tv2
          -2.1968905386713735e+00   1.3530627013711412e+00   0.0000000000000000e+00 -1 1077 #xyz tv3 fid bid
          -2.3058026044256525e+00   2.5919637002885025e+00  -2.6804077832313846e-16 #xyz tv0
          -2.1968905386713793e+00   1.3530627013711412e+00   3.5000000000000003e-02 #xyz tv1
          -9.1536014613716055e-01   3.0758949030512177e+00  -2.6804077832313846e-16 #xyz tv2
          -2.1968905386713735e+00   1.3530627013711412e+00   0.0000000000000000e+00 -1 1077 #xyz tv3 fid bid
          -2.1968905386713793e+00   1.3530627013711412e+00   3.5000000000000003e-02 #xyz tv0
          -4.2768183736497409e+00   6.2916220995512540e-01   3.5000000000000003e-02 #xyz tv1
          -2.2633873960938020e+00  -7.8775197149666565e-01   3.5000000000000003e-02 #xyz tv2
          -2.1968905386713735e+00   1.3530627013711412e+00   0.0000000000000000e+00 -1 1077 #xyz tv3 fid bid
          -2.3058026044256525e+00   2.5919637002885025e+00  -2.6804077832313846e-16 #xyz tv0
          -3.7303505780500252e+00   1.9813493698545253e+00  -5.0969103996516165e-16 #xyz tv1
          -2.1968905386713793e+00   1.3530627013711412e+00   3.5000000000000003e-02 #xyz tv2
          -2.1968905386713735e+00   1.3530627013711412e+00   0.0000000000000000e+00 -1 1077 #xyz tv3 fid bid
          -3.7303505780500252e+00   1.9813493698545253e+00  -5.0969103996516165e-16 #xyz tv0
          -4.2768183736497409e+00   6.2916220995512540e-01   3.5000000000000003e-02 #xyz tv1
          -2.1968905386713793e+00   1.3530627013711412e+00   3.5000000000000003e-02 #xyz tv2
          -2.1968905386713735e+00   1.3530627013711412e+00   0.0000000000000000e+00 -1 1077 #xyz tv3 fid bid
           4.1085684629659458e-01   2.2606661199708915e+00   0.0000000000000000e+00 #xyz tv0
          -2.1968905386713793e+00   1.3530627013711412e+00   3.5000000000000003e-02 #xyz tv1
          -2.1968905386713735e+00   1.3530627013711412e+00   0.0000000000000000e+00 1082 -1 #xyz tv2 fid bid
          -2.1968905386713793e+00   1.3530627013711412e+00   3.5000000000000003e-02 #xyz tv0
          -4.2768183736497409e+00   6.2916220995512540e-01   3.5000000000000003e-02 #xyz tv1
          -2.1968905386713735e+00   1.3530627013711412e+00   0.0000000000000000e+00 1082 -1 #xyz tv2 fid bid
          -2.1968905386713793e+00   1.3530627013711412e+00   3.5000000000000003e-02 #xyz ev0
          -2.1968905386713735e+00   1.3530627013711412e+00   0.0000000000000000e+00 -1 1077 #xyz ev1 fid bid
   0   0.000000000000e+00   0.000000000000e+00   0.000000000000e+00 #flag location
END_ERR 
BEGIN_ERR 
26 Small mesh segment detected on body : Box8
 Small mesh segment detected on body : Box8 
 Segment Statistics - Number of Segments : 1 --- Segment length(s) : 0.035000mm. The cutoff frequency for S-Matrix Only Solve is 731.201117073171kHz 
2 -1  1082  # nfids, fids[]
2 1077  -1  # nbids, bids[]
      8 2 1 0 #ntets ntri ned npts
           2.3567739336908996e+01   8.2025432794460471e+00   0.0000000000000000e+00 #xyz tv0
           2.3577917611754874e+01   1.0323756767033839e+01   3.5000000000000003e-02 #xyz tv1
           2.2129943251723873e+01   7.7021310655278379e+00   0.0000000000000000e+00 #xyz tv2
           2.3577917611754909e+01   1.0323756767033846e+01   0.0000000000000000e+00 -1 1077 #xyz tv3 fid bid
           2.3577917611754909e+01   1.0323756767033846e+01   0.0000000000000000e+00 #xyz tv0
           2.3577917611754874e+01   1.0323756767033839e+01   3.5000000000000003e-02 #xyz tv1
           2.2129943251723873e+01   7.7021310655278379e+00   0.0000000000000000e+00 #xyz tv2
           2.0955064408214501e+01   9.4108959018516103e+00   0.0000000000000000e+00 -1 1077 #xyz tv3 fid bid
           2.5837573452254091e+01   8.9925389725701379e+00   3.5000000000000003e-02 #xyz tv0
           2.3577917611754874e+01   1.0323756767033839e+01   3.5000000000000003e-02 #xyz tv1
           2.3567739336908996e+01   8.2025432794460471e+00   0.0000000000000000e+00 #xyz tv2
           2.3577917611754909e+01   1.0323756767033846e+01   0.0000000000000000e+00 -1 1077 #xyz tv3 fid bid
           2.3577917611754874e+01   1.0323756767033839e+01   3.5000000000000003e-02 #xyz tv0
           2.1672257754081102e+01   1.1178022519127916e+01  -5.6887689345340374e-16 #xyz tv1
           2.0955064408214501e+01   9.4108959018516103e+00   0.0000000000000000e+00 #xyz tv2
           2.3577917611754909e+01   1.0323756767033846e+01   0.0000000000000000e+00 -1 1077 #xyz tv3 fid bid
           2.3577917611754909e+01   1.0323756767033846e+01   0.0000000000000000e+00 #xyz tv0
           2.3577917611754874e+01   1.0323756767033839e+01   3.5000000000000003e-02 #xyz tv1
           2.5922529657773620e+01   9.0221072286866821e+00   0.0000000000000000e+00 #xyz tv2
           2.5837573452254091e+01   8.9925389725701379e+00   3.5000000000000003e-02 -1 1077 #xyz tv3 fid bid
           2.4489332053210575e+01   1.1899027689490618e+01   1.0665170361582701e+00 #xyz tv0
           2.1672257754081102e+01   1.1178022519127916e+01  -5.6887689345340374e-16 #xyz tv1
           2.3577917611754874e+01   1.0323756767033839e+01   3.5000000000000003e-02 #xyz tv2
           2.3577917611754909e+01   1.0323756767033846e+01   0.0000000000000000e+00 -1 1077 #xyz tv3 fid bid
           2.3577917611754909e+01   1.0323756767033846e+01   0.0000000000000000e+00 #xyz tv0
           2.5922529657773620e+01   9.0221072286866821e+00   0.0000000000000000e+00 #xyz tv1
           2.3577917611754874e+01   1.0323756767033839e+01   3.5000000000000003e-02 #xyz tv2
           2.5696742013797436e+01   1.1061194864677649e+01   0.0000000000000000e+00 -1 1077 #xyz tv3 fid bid
           2.3577917611754874e+01   1.0323756767033839e+01   3.5000000000000003e-02 #xyz tv0
           2.5696742013797436e+01   1.1061194864677649e+01   0.0000000000000000e+00 #xyz tv1
           2.4489332053210575e+01   1.1899027689490618e+01   1.0665170361582701e+00 #xyz tv2
           2.3577917611754909e+01   1.0323756767033846e+01   0.0000000000000000e+00 -1 1077 #xyz tv3 fid bid
           2.3577917611754874e+01   1.0323756767033839e+01   3.5000000000000003e-02 #xyz tv0
           2.3577917611754909e+01   1.0323756767033846e+01   0.0000000000000000e+00 #xyz tv1
           2.5696742013797436e+01   1.1061194864677649e+01   0.0000000000000000e+00 1082 -1 #xyz tv2 fid bid
           2.3577917611754874e+01   1.0323756767033839e+01   3.5000000000000003e-02 #xyz tv0
           2.0955064408214501e+01   9.4108959018516103e+00   0.0000000000000000e+00 #xyz tv1
           2.3577917611754909e+01   1.0323756767033846e+01   0.0000000000000000e+00 1082 -1 #xyz tv2 fid bid
           2.3577917611754874e+01   1.0323756767033839e+01   3.5000000000000003e-02 #xyz ev0
           2.3577917611754909e+01   1.0323756767033846e+01   0.0000000000000000e+00 -1 1077 #xyz ev1 fid bid
   0   0.000000000000e+00   0.000000000000e+00   0.000000000000e+00 #flag location
END_ERR 
