G3dErrFileVersion 2025R1
FlagFileMetaData Begin
   Mesh Size - Setup1, Refinement, Pass #1, Freq. 9.150000e+08 :Title    
   Listing of mesh elements with poor quality. :ToolTip  
   hf3d :Author   
   1761268455 :TimeStamp
   mm :UnitName 
   1.0000000000000000e-03 :UnitConv
FlagFileMetaData End
BEGIN_ERR 
26 Small mesh segment detected on body : Cylinder1
 Small mesh segment detected on body : Cylinder1 
 Segment Statistics - Number of Segments : 1 --- Segment length(s) : 0.035000mm. The cutoff frequency for S-Matrix Only Solve is 731.201117073171kHz 
3 -1  833  832  # nfids, fids[]
2 98  -1  # nbids, bids[]
      5 2 1 0 #ntets ntri ned npts
          -3.7774788049999998e+01   1.4083712700000005e+01   3.5000000000000003e-02 #xyz tv0
          -5.0000000000000000e+01   2.0000000000000000e+01   0.0000000000000000e+00 #xyz tv1
          -3.9769442540000000e+01   1.3937584440000002e+01   3.5000000000000003e-02 #xyz tv2
          -3.7774788049999998e+01   1.4083712700000005e+01   0.0000000000000000e+00 -1 98 #xyz tv3 fid bid
          -3.7774788049999998e+01   1.4083712700000005e+01   3.5000000000000003e-02 #xyz tv0
          -3.9559687603351684e+01   1.1074424258561928e+01   3.5000000000000003e-02 #xyz tv1
          -3.7774788049999998e+01   1.4083712700000005e+01   0.0000000000000000e+00 #xyz tv2
          -3.9769442540000000e+01   1.3937584440000002e+01   3.5000000000000003e-02 -1 98 #xyz tv3 fid bid
          -3.7774788049999998e+01   1.4083712700000005e+01   3.5000000000000003e-02 #xyz tv0
          -3.7774788049999998e+01   1.4083712700000005e+01   0.0000000000000000e+00 #xyz tv1
          -1.8654999999999994e+01   2.0000000000000000e+01   0.0000000000000000e+00 #xyz tv2
          -5.0000000000000000e+01   2.0000000000000000e+01   0.0000000000000000e+00 -1 98 #xyz tv3 fid bid
          -3.7774788049999998e+01   1.4083712700000005e+01   3.5000000000000003e-02 #xyz tv0
          -3.7774788049999998e+01   1.4083712700000005e+01   0.0000000000000000e+00 #xyz tv1
          -3.9559687603351684e+01   1.1074424258561928e+01   3.5000000000000003e-02 #xyz tv2
          -3.7552584708154086e+01   1.1050631474376239e+01   3.5000000000000003e-02 -1 98 #xyz tv3 fid bid
          -3.7774788049999998e+01   1.4083712700000005e+01   3.5000000000000003e-02 #xyz tv0
          -1.8654999999999994e+01   2.0000000000000000e+01   0.0000000000000000e+00 #xyz tv1
          -3.7774788049999998e+01   1.4083712700000005e+01   0.0000000000000000e+00 #xyz tv2
          -3.7552584708154086e+01   1.1050631474376239e+01   3.5000000000000003e-02 -1 98 #xyz tv3 fid bid
          -3.9769442540000000e+01   1.3937584440000002e+01   3.5000000000000003e-02 #xyz tv0
          -3.7774788049999998e+01   1.4083712700000005e+01   0.0000000000000000e+00 #xyz tv1
          -3.7774788049999998e+01   1.4083712700000005e+01   3.5000000000000003e-02 833 -1 #xyz tv2 fid bid
          -3.7774788049999998e+01   1.4083712700000005e+01   3.5000000000000003e-02 #xyz tv0
          -3.7774788049999998e+01   1.4083712700000005e+01   0.0000000000000000e+00 #xyz tv1
          -3.7552584708154086e+01   1.1050631474376239e+01   3.5000000000000003e-02 832 -1 #xyz tv2 fid bid
          -3.7774788049999998e+01   1.4083712700000005e+01   0.0000000000000000e+00 #xyz ev0
          -3.7774788049999998e+01   1.4083712700000005e+01   3.5000000000000003e-02 -1 98 #xyz ev1 fid bid
   0   0.000000000000e+00   0.000000000000e+00   0.000000000000e+00 #flag location
END_ERR 
G3dErrFileVersion 2025R1
FlagFileMetaData Begin
   Mesh Size - Setup1, Refinement, Pass #2, Freq. 9.150000e+08 :Title    
   Listing of mesh elements with poor quality. :ToolTip  
   hf3d :Author   
   1761268458 :TimeStamp
   mm :UnitName 
   1.0000000000000000e-03 :UnitConv
FlagFileMetaData End
BEGIN_ERR 
26 Small mesh segment detected on body : Cylinder1
 Small mesh segment detected on body : Cylinder1 
 Segment Statistics - Number of Segments : 1 --- Segment length(s) : 0.035000mm. The cutoff frequency for S-Matrix Only Solve is 731.201117073171kHz 
3 -1  833  832  # nfids, fids[]
2 98  -1  # nbids, bids[]
      7 2 1 0 #ntets ntri ned npts
          -3.4327500000000001e+01   2.0000000000000000e+01   0.0000000000000000e+00 #xyz tv0
          -3.7774788049999998e+01   1.4083712700000007e+01   3.5000000000000003e-02 #xyz tv1
          -3.7774788049999998e+01   1.4083712700000007e+01   0.0000000000000000e+00 #xyz tv2
          -5.0000000000000000e+01   2.0000000000000000e+01   0.0000000000000000e+00 -1 98 #xyz tv3 fid bid
          -3.4327500000000001e+01   2.0000000000000000e+01   0.0000000000000000e+00 #xyz tv0
          -3.7774788049999998e+01   1.4083712700000007e+01   0.0000000000000000e+00 #xyz tv1
          -3.7774788049999998e+01   1.4083712700000007e+01   3.5000000000000003e-02 #xyz tv2
          -1.8654999999999994e+01   2.0000000000000000e+01   0.0000000000000000e+00 -1 98 #xyz tv3 fid bid
          -3.7774788049999998e+01   1.4083712700000007e+01   3.5000000000000003e-02 #xyz tv0
          -5.0000000000000000e+01   2.0000000000000000e+01   0.0000000000000000e+00 #xyz tv1
          -3.9769442540000000e+01   1.3937584440000002e+01   3.5000000000000003e-02 #xyz tv2
          -3.7774788049999998e+01   1.4083712700000007e+01   0.0000000000000000e+00 -1 98 #xyz tv3 fid bid
          -3.7774788049999998e+01   1.4083712700000007e+01   3.5000000000000003e-02 #xyz tv0
          -3.7774788049999998e+01   1.4083712700000007e+01   0.0000000000000000e+00 #xyz tv1
          -3.0678394793624602e+01   1.0833575914849110e+01   0.0000000000000000e+00 #xyz tv2
          -1.8654999999999994e+01   2.0000000000000000e+01   0.0000000000000000e+00 -1 98 #xyz tv3 fid bid
          -3.7774788049999998e+01   1.4083712700000007e+01   3.5000000000000003e-02 #xyz tv0
          -3.9559687603351684e+01   1.1074424258561928e+01   3.5000000000000003e-02 #xyz tv1
          -3.7774788049999998e+01   1.4083712700000007e+01   0.0000000000000000e+00 #xyz tv2
          -3.9769442540000000e+01   1.3937584440000002e+01   3.5000000000000003e-02 -1 98 #xyz tv3 fid bid
          -3.7774788049999998e+01   1.4083712700000007e+01   3.5000000000000003e-02 #xyz tv0
          -3.0678394793624602e+01   1.0833575914849110e+01   0.0000000000000000e+00 #xyz tv1
          -3.7774788049999998e+01   1.4083712700000007e+01   0.0000000000000000e+00 #xyz tv2
          -3.7552584708154086e+01   1.1050631474376239e+01   3.5000000000000003e-02 -1 98 #xyz tv3 fid bid
          -3.7774788049999998e+01   1.4083712700000007e+01   3.5000000000000003e-02 #xyz tv0
          -3.7774788049999998e+01   1.4083712700000007e+01   0.0000000000000000e+00 #xyz tv1
          -3.9559687603351684e+01   1.1074424258561928e+01   3.5000000000000003e-02 #xyz tv2
          -3.7552584708154086e+01   1.1050631474376239e+01   3.5000000000000003e-02 -1 98 #xyz tv3 fid bid
          -3.9769442540000000e+01   1.3937584440000002e+01   3.5000000000000003e-02 #xyz tv0
          -3.7774788049999998e+01   1.4083712700000007e+01   0.0000000000000000e+00 #xyz tv1
          -3.7774788049999998e+01   1.4083712700000007e+01   3.5000000000000003e-02 833 -1 #xyz tv2 fid bid
          -3.7774788049999998e+01   1.4083712700000007e+01   3.5000000000000003e-02 #xyz tv0
          -3.7774788049999998e+01   1.4083712700000007e+01   0.0000000000000000e+00 #xyz tv1
          -3.7552584708154086e+01   1.1050631474376239e+01   3.5000000000000003e-02 832 -1 #xyz tv2 fid bid
          -3.7774788049999998e+01   1.4083712700000007e+01   0.0000000000000000e+00 #xyz ev0
          -3.7774788049999998e+01   1.4083712700000007e+01   3.5000000000000003e-02 -1 98 #xyz ev1 fid bid
   0   0.000000000000e+00   0.000000000000e+00   0.000000000000e+00 #flag location
END_ERR 
G3dErrFileVersion 2025R1
FlagFileMetaData Begin
   Mesh Size - Setup1, Refinement, Pass #3, Freq. 9.150000e+08 :Title    
   Listing of mesh elements with poor quality. :ToolTip  
   hf3d :Author   
   1761268461 :TimeStamp
   mm :UnitName 
   1.0000000000000000e-03 :UnitConv
FlagFileMetaData End
BEGIN_ERR 
26 Small mesh segment detected on body : Cylinder1
 Small mesh segment detected on body : Cylinder1 
 Segment Statistics - Number of Segments : 1 --- Segment length(s) : 0.035000mm. The cutoff frequency for S-Matrix Only Solve is 731.201117073171kHz 
3 -1  833  832  # nfids, fids[]
2 98  -1  # nbids, bids[]
      7 2 1 0 #ntets ntri ned npts
          -4.2163750000000000e+01   2.0000000000000000e+01   0.0000000000000000e+00 #xyz tv0
          -3.7774788049999998e+01   1.4083712700000008e+01   0.0000000000000000e+00 #xyz tv1
          -3.7774788049999998e+01   1.4083712700000008e+01   3.5000000000000003e-02 #xyz tv2
          -3.4327500000000001e+01   2.0000000000000000e+01   0.0000000000000000e+00 -1 98 #xyz tv3 fid bid
          -4.3662022027408426e+01   1.6229809678114556e+01   0.0000000000000000e+00 #xyz tv0
          -3.7774788049999998e+01   1.4083712700000008e+01   3.5000000000000003e-02 #xyz tv1
          -4.2163750000000000e+01   2.0000000000000000e+01   0.0000000000000000e+00 #xyz tv2
          -3.7774788049999998e+01   1.4083712700000008e+01   0.0000000000000000e+00 -1 98 #xyz tv3 fid bid
          -3.7774788049999998e+01   1.4083712700000008e+01   3.5000000000000003e-02 #xyz tv0
          -3.1797339873329619e+01   1.0465333190572174e+01   0.0000000000000000e+00 #xyz tv1
          -3.4327500000000001e+01   2.0000000000000000e+01   0.0000000000000000e+00 #xyz tv2
          -3.7774788049999998e+01   1.4083712700000008e+01   0.0000000000000000e+00 -1 98 #xyz tv3 fid bid
          -4.3662022027408426e+01   1.6229809678114556e+01   0.0000000000000000e+00 #xyz tv0
          -3.9769442540000000e+01   1.3937584440000002e+01   3.5000000000000003e-02 #xyz tv1
          -3.7774788049999998e+01   1.4083712700000008e+01   3.5000000000000003e-02 #xyz tv2
          -3.7774788049999998e+01   1.4083712700000008e+01   0.0000000000000000e+00 -1 98 #xyz tv3 fid bid
          -3.7774788049999998e+01   1.4083712700000008e+01   3.5000000000000003e-02 #xyz tv0
          -3.1797339873329619e+01   1.0465333190572174e+01   0.0000000000000000e+00 #xyz tv1
          -3.7774788049999998e+01   1.4083712700000008e+01   0.0000000000000000e+00 #xyz tv2
          -3.7552584708154086e+01   1.1050631474376239e+01   3.5000000000000003e-02 -1 98 #xyz tv3 fid bid
          -3.7774788049999998e+01   1.4083712700000008e+01   3.5000000000000003e-02 #xyz tv0
          -3.9559687603351684e+01   1.1074424258561928e+01   3.5000000000000003e-02 #xyz tv1
          -3.7774788049999998e+01   1.4083712700000008e+01   0.0000000000000000e+00 #xyz tv2
          -3.9769442540000000e+01   1.3937584440000002e+01   3.5000000000000003e-02 -1 98 #xyz tv3 fid bid
          -3.7774788049999998e+01   1.4083712700000008e+01   3.5000000000000003e-02 #xyz tv0
          -3.7774788049999998e+01   1.4083712700000008e+01   0.0000000000000000e+00 #xyz tv1
          -3.9559687603351684e+01   1.1074424258561928e+01   3.5000000000000003e-02 #xyz tv2
          -3.7552584708154086e+01   1.1050631474376239e+01   3.5000000000000003e-02 -1 98 #xyz tv3 fid bid
          -3.9769442540000000e+01   1.3937584440000002e+01   3.5000000000000003e-02 #xyz tv0
          -3.7774788049999998e+01   1.4083712700000008e+01   0.0000000000000000e+00 #xyz tv1
          -3.7774788049999998e+01   1.4083712700000008e+01   3.5000000000000003e-02 833 -1 #xyz tv2 fid bid
          -3.7774788049999998e+01   1.4083712700000008e+01   3.5000000000000003e-02 #xyz tv0
          -3.7774788049999998e+01   1.4083712700000008e+01   0.0000000000000000e+00 #xyz tv1
          -3.7552584708154086e+01   1.1050631474376239e+01   3.5000000000000003e-02 832 -1 #xyz tv2 fid bid
          -3.7774788049999998e+01   1.4083712700000008e+01   0.0000000000000000e+00 #xyz ev0
          -3.7774788049999998e+01   1.4083712700000008e+01   3.5000000000000003e-02 -1 98 #xyz ev1 fid bid
   0   0.000000000000e+00   0.000000000000e+00   0.000000000000e+00 #flag location
END_ERR 
G3dErrFileVersion 2025R1
FlagFileMetaData Begin
   Mesh Size - Setup1, Refinement, Pass #4, Freq. 9.150000e+08 :Title    
   Listing of mesh elements with poor quality. :ToolTip  
   hf3d :Author   
   1761268465 :TimeStamp
   mm :UnitName 
   1.0000000000000000e-03 :UnitConv
FlagFileMetaData End
BEGIN_ERR 
26 Small mesh segment detected on body : Cylinder1
 Small mesh segment detected on body : Cylinder1 
 Segment Statistics - Number of Segments : 1 --- Segment length(s) : 0.035000mm. The cutoff frequency for S-Matrix Only Solve is 731.201117073171kHz 
3 -1  833  832  # nfids, fids[]
2 98  -1  # nbids, bids[]
      8 2 1 0 #ntets ntri ned npts
          -3.6051144024999999e+01   1.7041856350000003e+01   0.0000000000000000e+00 #xyz tv0
          -3.7774788049999998e+01   1.4083712700000010e+01   3.5000000000000003e-02 #xyz tv1
          -3.3062419936664810e+01   1.5232666595286087e+01   0.0000000000000000e+00 #xyz tv2
          -3.7774788049999998e+01   1.4083712700000010e+01   0.0000000000000000e+00 -1 98 #xyz tv3 fid bid
          -3.3062419936664810e+01   1.5232666595286087e+01   0.0000000000000000e+00 #xyz tv0
          -3.7774788049999998e+01   1.4083712700000010e+01   0.0000000000000000e+00 #xyz tv1
          -3.7774788049999998e+01   1.4083712700000010e+01   3.5000000000000003e-02 #xyz tv2
          -3.3003838630969611e+01   9.6321294413544400e+00  -2.7648366579959490e-17 -1 98 #xyz tv3 fid bid
          -3.6051144024999999e+01   1.7041856350000003e+01   0.0000000000000000e+00 #xyz tv0
          -3.8490507812499999e+01   2.0000000000000000e+01   0.0000000000000000e+00 #xyz tv1
          -3.7774788049999998e+01   1.4083712700000010e+01   3.5000000000000003e-02 #xyz tv2
          -3.7774788049999998e+01   1.4083712700000010e+01   0.0000000000000000e+00 -1 98 #xyz tv3 fid bid
          -3.7774788049999998e+01   1.4083712700000010e+01   3.5000000000000003e-02 #xyz tv0
          -3.3003838630969611e+01   9.6321294413544400e+00  -2.7648366579959490e-17 #xyz tv1
          -3.7774788049999998e+01   1.4083712700000010e+01   0.0000000000000000e+00 #xyz tv2
          -3.7552584708154086e+01   1.1050631474376239e+01   3.5000000000000003e-02 -1 98 #xyz tv3 fid bid
          -3.7774788049999998e+01   1.4083712700000010e+01   3.5000000000000003e-02 #xyz tv0
          -3.8490507812499999e+01   2.0000000000000000e+01   0.0000000000000000e+00 #xyz tv1
          -4.3662022027408426e+01   1.6229809678114556e+01   0.0000000000000000e+00 #xyz tv2
          -3.7774788049999998e+01   1.4083712700000010e+01   0.0000000000000000e+00 -1 98 #xyz tv3 fid bid
          -3.7774788049999998e+01   1.4083712700000010e+01   3.5000000000000003e-02 #xyz tv0
          -3.7774788049999998e+01   1.4083712700000010e+01   0.0000000000000000e+00 #xyz tv1
          -3.9559687603351684e+01   1.1074424258561928e+01   3.5000000000000003e-02 #xyz tv2
          -3.7552584708154086e+01   1.1050631474376239e+01   3.5000000000000003e-02 -1 98 #xyz tv3 fid bid
          -4.3662022027408426e+01   1.6229809678114556e+01   0.0000000000000000e+00 #xyz tv0
          -3.9769442540000000e+01   1.3937584440000002e+01   3.5000000000000003e-02 #xyz tv1
          -3.7774788049999998e+01   1.4083712700000010e+01   3.5000000000000003e-02 #xyz tv2
          -3.7774788049999998e+01   1.4083712700000010e+01   0.0000000000000000e+00 -1 98 #xyz tv3 fid bid
          -3.7774788049999998e+01   1.4083712700000010e+01   3.5000000000000003e-02 #xyz tv0
          -3.9559687603351684e+01   1.1074424258561928e+01   3.5000000000000003e-02 #xyz tv1
          -3.7774788049999998e+01   1.4083712700000010e+01   0.0000000000000000e+00 #xyz tv2
          -3.9769442540000000e+01   1.3937584440000002e+01   3.5000000000000003e-02 -1 98 #xyz tv3 fid bid
          -3.9769442540000000e+01   1.3937584440000002e+01   3.5000000000000003e-02 #xyz tv0
          -3.7774788049999998e+01   1.4083712700000010e+01   0.0000000000000000e+00 #xyz tv1
          -3.7774788049999998e+01   1.4083712700000010e+01   3.5000000000000003e-02 833 -1 #xyz tv2 fid bid
          -3.7774788049999998e+01   1.4083712700000010e+01   3.5000000000000003e-02 #xyz tv0
          -3.7774788049999998e+01   1.4083712700000010e+01   0.0000000000000000e+00 #xyz tv1
          -3.7552584708154086e+01   1.1050631474376239e+01   3.5000000000000003e-02 832 -1 #xyz tv2 fid bid
          -3.7774788049999998e+01   1.4083712700000010e+01   0.0000000000000000e+00 #xyz ev0
          -3.7774788049999998e+01   1.4083712700000010e+01   3.5000000000000003e-02 -1 98 #xyz ev1 fid bid
   0   0.000000000000e+00   0.000000000000e+00   0.000000000000e+00 #flag location
END_ERR 
G3dErrFileVersion 2025R1
FlagFileMetaData Begin
   Mesh Size - Setup1, Refinement, Pass #5, Freq. 9.150000e+08 :Title    
   Listing of mesh elements with poor quality. :ToolTip  
   hf3d :Author   
   1761268468 :TimeStamp
   mm :UnitName 
   1.0000000000000000e-03 :UnitConv
FlagFileMetaData End
BEGIN_ERR 
26 Small mesh segment detected on body : Cylinder1
 Small mesh segment detected on body : Cylinder1 
 Segment Statistics - Number of Segments : 1 --- Segment length(s) : 0.035000mm. The cutoff frequency for S-Matrix Only Solve is 731.201117073171kHz 
3 -1  833  832  # nfids, fids[]
2 98  -1  # nbids, bids[]
      8 2 1 0 #ntets ntri ned npts
          -3.7774788049999998e+01   1.4083712700000010e+01   3.5000000000000003e-02 #xyz tv0
          -3.7774788049999998e+01   1.4083712700000010e+01   0.0000000000000000e+00 #xyz tv1
          -3.8653445271414711e+01   1.7377499438004012e+01  -2.2039292378256044e-19 #xyz tv2
          -4.0533178081352126e+01   1.5259915711787086e+01  -2.9996321070998114e-20 -1 98 #xyz tv3 fid bid
          -3.7774788049999998e+01   1.4083712700000010e+01   3.5000000000000003e-02 #xyz tv0
          -3.8653445271414711e+01   1.7377499438004012e+01  -2.2039292378256044e-19 #xyz tv1
          -3.7774788049999998e+01   1.4083712700000010e+01   0.0000000000000000e+00 #xyz tv2
          -3.6557433971647079e+01   1.6878892571376042e+01  -4.0694103319349821e-19 -1 98 #xyz tv3 fid bid
          -4.0533178081352126e+01   1.5259915711787086e+01  -2.9996321070998114e-20 #xyz tv0
          -3.9769442540000000e+01   1.3937584440000002e+01   3.5000000000000003e-02 #xyz tv1
          -3.7774788049999998e+01   1.4083712700000010e+01   3.5000000000000003e-02 #xyz tv2
          -3.7774788049999998e+01   1.4083712700000010e+01   0.0000000000000000e+00 -1 98 #xyz tv3 fid bid
          -3.5518498611163636e+01   1.4601083332010717e+01  -2.3298566057864826e-18 #xyz tv0
          -3.6557433971647079e+01   1.6878892571376042e+01  -4.0694103319349821e-19 #xyz tv1
          -3.7774788049999998e+01   1.4083712700000010e+01   3.5000000000000003e-02 #xyz tv2
          -3.7774788049999998e+01   1.4083712700000010e+01   0.0000000000000000e+00 -1 98 #xyz tv3 fid bid
          -3.7774788049999998e+01   1.4083712700000010e+01   3.5000000000000003e-02 #xyz tv0
          -3.9769442540000000e+01   1.3937584440000002e+01   3.5000000000000003e-02 #xyz tv1
          -3.8667237826675844e+01   1.2579068479280970e+01   0.0000000000000000e+00 #xyz tv2
          -3.7774788049999998e+01   1.4083712700000010e+01   0.0000000000000000e+00 -1 98 #xyz tv3 fid bid
          -3.5518498611163636e+01   1.4601083332010717e+01  -2.3298566057864826e-18 #xyz tv0
          -3.7774788049999998e+01   1.4083712700000010e+01   3.5000000000000003e-02 #xyz tv1
          -3.5470731738275980e+01   1.1984245619494446e+01  -1.1119076418175046e-17 #xyz tv2
          -3.7774788049999998e+01   1.4083712700000010e+01   0.0000000000000000e+00 -1 98 #xyz tv3 fid bid
          -3.7774788049999998e+01   1.4083712700000010e+01   3.5000000000000003e-02 #xyz tv0
          -3.8667237826675844e+01   1.2579068479280970e+01   0.0000000000000000e+00 #xyz tv1
          -3.7565655281618952e+01   1.1229045132132581e+01   3.5000000000000003e-02 #xyz tv2
          -3.7774788049999998e+01   1.4083712700000010e+01   0.0000000000000000e+00 -1 98 #xyz tv3 fid bid
          -3.5470731738275980e+01   1.1984245619494446e+01  -1.1119076418175046e-17 #xyz tv0
          -3.7774788049999998e+01   1.4083712700000010e+01   3.5000000000000003e-02 #xyz tv1
          -3.7565655281618952e+01   1.1229045132132581e+01   3.5000000000000003e-02 #xyz tv2
          -3.7774788049999998e+01   1.4083712700000010e+01   0.0000000000000000e+00 -1 98 #xyz tv3 fid bid
          -3.9769442540000000e+01   1.3937584440000002e+01   3.5000000000000003e-02 #xyz tv0
          -3.7774788049999998e+01   1.4083712700000010e+01   0.0000000000000000e+00 #xyz tv1
          -3.7774788049999998e+01   1.4083712700000010e+01   3.5000000000000003e-02 833 -1 #xyz tv2 fid bid
          -3.7774788049999998e+01   1.4083712700000010e+01   3.5000000000000003e-02 #xyz tv0
          -3.7774788049999998e+01   1.4083712700000010e+01   0.0000000000000000e+00 #xyz tv1
          -3.7565655281618952e+01   1.1229045132132581e+01   3.5000000000000003e-02 832 -1 #xyz tv2 fid bid
          -3.7774788049999998e+01   1.4083712700000010e+01   0.0000000000000000e+00 #xyz ev0
          -3.7774788049999998e+01   1.4083712700000010e+01   3.5000000000000003e-02 -1 98 #xyz ev1 fid bid
   0   0.000000000000e+00   0.000000000000e+00   0.000000000000e+00 #flag location
END_ERR 
G3dErrFileVersion 2025R1
FlagFileMetaData Begin
   Mesh Size - Setup1, Refinement, Pass #6, Freq. 9.150000e+08 :Title    
   Listing of mesh elements with poor quality. :ToolTip  
   hf3d :Author   
   1761268471 :TimeStamp
   mm :UnitName 
   1.0000000000000000e-03 :UnitConv
FlagFileMetaData End
BEGIN_ERR 
26 Small mesh segment detected on body : Box1
 Small mesh segment detected on body : Box1 
 Segment Statistics - Number of Segments : 1 --- Segment length(s) : 0.035000mm. The cutoff frequency for S-Matrix Only Solve is 731.201117073171kHz 
3 -1  833  834  # nfids, fids[]
2 704  -1  # nbids, bids[]
      6 2 1 0 #ntets ntri ned npts
          -3.9769442540000000e+01   1.3937584440000002e+01   3.5000000000000003e-02 #xyz tv0
          -3.9669544307766031e+01   1.2573971047634826e+01   0.0000000000000000e+00 #xyz tv1
          -3.8780216525962203e+01   1.2600496554387540e+01   0.0000000000000000e+00 #xyz tv2
          -3.9769442540000000e+01   1.3937584440000002e+01   0.0000000000000000e+00 -1 704 #xyz tv3 fid bid
          -3.8780216525962203e+01   1.2600496554387540e+01   0.0000000000000000e+00 #xyz tv0
          -3.9769442540000000e+01   1.3937584440000002e+01   3.5000000000000003e-02 #xyz tv1
          -3.9769442540000000e+01   1.3937584440000002e+01   0.0000000000000000e+00 #xyz tv2
          -3.7774788049999998e+01   1.4083712700000010e+01   0.0000000000000000e+00 -1 704 #xyz tv3 fid bid
          -3.9769442540000000e+01   1.3937584440000002e+01   3.5000000000000003e-02 #xyz tv0
          -4.1279890084262604e+01   1.2105793921250552e+01  -1.0143738034502216e-21 #xyz tv1
          -3.9669544307766031e+01   1.2573971047634826e+01   0.0000000000000000e+00 #xyz tv2
          -3.9769442540000000e+01   1.3937584440000002e+01   0.0000000000000000e+00 -1 704 #xyz tv3 fid bid
          -4.0390353938967301e+01   1.5377340592931578e+01  -5.0921980551243880e-20 #xyz tv0
          -3.9769442540000000e+01   1.3937584440000002e+01   0.0000000000000000e+00 #xyz tv1
          -3.9769442540000000e+01   1.3937584440000002e+01   3.5000000000000003e-02 #xyz tv2
          -3.7774788049999998e+01   1.4083712700000010e+01   0.0000000000000000e+00 -1 704 #xyz tv3 fid bid
          -3.9769442540000000e+01   1.3937584440000002e+01   0.0000000000000000e+00 #xyz tv0
          -4.1279890084262604e+01   1.2105793921250552e+01  -1.0143738034502216e-21 #xyz tv1
          -4.1448114070648288e+01   1.3805663660235080e+01   9.2316252973396895e-01 #xyz tv2
          -3.9769442540000000e+01   1.3937584440000002e+01   3.5000000000000003e-02 -1 704 #xyz tv3 fid bid
          -3.9769442540000000e+01   1.3937584440000002e+01   0.0000000000000000e+00 #xyz tv0
          -4.1448114070648288e+01   1.3805663660235080e+01   9.2316252973396895e-01 #xyz tv1
          -4.0390353938967301e+01   1.5377340592931578e+01  -5.0921980551243880e-20 #xyz tv2
          -3.9769442540000000e+01   1.3937584440000002e+01   3.5000000000000003e-02 -1 704 #xyz tv3 fid bid
          -3.9769442540000000e+01   1.3937584440000002e+01   0.0000000000000000e+00 #xyz tv0
          -3.7774788049999998e+01   1.4083712700000010e+01   0.0000000000000000e+00 #xyz tv1
          -3.9769442540000000e+01   1.3937584440000002e+01   3.5000000000000003e-02 833 -1 #xyz tv2 fid bid
          -3.9769442540000000e+01   1.3937584440000002e+01   3.5000000000000003e-02 #xyz tv0
          -3.9669544307766031e+01   1.2573971047634826e+01   0.0000000000000000e+00 #xyz tv1
          -3.9769442540000000e+01   1.3937584440000002e+01   0.0000000000000000e+00 834 -1 #xyz tv2 fid bid
          -3.9769442540000000e+01   1.3937584440000002e+01   3.5000000000000003e-02 #xyz ev0
          -3.9769442540000000e+01   1.3937584440000002e+01   0.0000000000000000e+00 -1 704 #xyz ev1 fid bid
   0   0.000000000000e+00   0.000000000000e+00   0.000000000000e+00 #flag location
END_ERR 
BEGIN_ERR 
26 Small mesh segment detected on body : Cylinder1
 Small mesh segment detected on body : Cylinder1 
 Segment Statistics - Number of Segments : 1 --- Segment length(s) : 0.035000mm. The cutoff frequency for S-Matrix Only Solve is 731.201117073171kHz 
3 -1  833  832  # nfids, fids[]
2 98  -1  # nbids, bids[]
      7 2 1 0 #ntets ntri ned npts
          -3.7774788049999998e+01   1.4083712700000010e+01   3.5000000000000003e-02 #xyz tv0
          -3.7673489309175693e+01   1.2700982330505381e+01   0.0000000000000000e+00 #xyz tv1
          -3.6572363363780489e+01   1.3022500734366057e+01  -4.2679086624958369e-18 #xyz tv2
          -3.7774788049999998e+01   1.4083712700000010e+01   0.0000000000000000e+00 -1 98 #xyz tv3 fid bid
          -3.7774788049999998e+01   1.4083712700000010e+01   0.0000000000000000e+00 #xyz tv0
          -3.6421920211251788e+01   1.4785767431404887e+01   8.4641011761269991e-01 #xyz tv1
          -3.6572363363780489e+01   1.3022500734366057e+01  -4.2679086624958369e-18 #xyz tv2
          -3.7774788049999998e+01   1.4083712700000010e+01   3.5000000000000003e-02 -1 98 #xyz tv3 fid bid
          -3.7774788049999998e+01   1.4083712700000010e+01   3.5000000000000003e-02 #xyz tv0
          -3.8780216525962203e+01   1.2600496554387540e+01   0.0000000000000000e+00 #xyz tv1
          -3.7673489309175693e+01   1.2700982330505381e+01   0.0000000000000000e+00 #xyz tv2
          -3.7774788049999998e+01   1.4083712700000010e+01   0.0000000000000000e+00 -1 98 #xyz tv3 fid bid
          -3.7774788049999998e+01   1.4083712700000010e+01   0.0000000000000000e+00 #xyz tv0
          -3.7997652525979014e+01   1.5707946965950935e+01  -3.9403236887571781e-19 #xyz tv1
          -3.6421920211251788e+01   1.4785767431404887e+01   8.4641011761269991e-01 #xyz tv2
          -3.7774788049999998e+01   1.4083712700000010e+01   3.5000000000000003e-02 -1 98 #xyz tv3 fid bid
          -3.7774788049999998e+01   1.4083712700000010e+01   3.5000000000000003e-02 #xyz tv0
          -3.9769442540000000e+01   1.3937584440000002e+01   3.5000000000000003e-02 #xyz tv1
          -3.8780216525962203e+01   1.2600496554387540e+01   0.0000000000000000e+00 #xyz tv2
          -3.7774788049999998e+01   1.4083712700000010e+01   0.0000000000000000e+00 -1 98 #xyz tv3 fid bid
          -3.7997652525979014e+01   1.5707946965950935e+01  -3.9403236887571781e-19 #xyz tv0
          -4.0390353938967301e+01   1.5377340592931578e+01  -5.0921980551243880e-20 #xyz tv1
          -3.7774788049999998e+01   1.4083712700000010e+01   3.5000000000000003e-02 #xyz tv2
          -3.7774788049999998e+01   1.4083712700000010e+01   0.0000000000000000e+00 -1 98 #xyz tv3 fid bid
          -4.0390353938967301e+01   1.5377340592931578e+01  -5.0921980551243880e-20 #xyz tv0
          -3.9769442540000000e+01   1.3937584440000002e+01   3.5000000000000003e-02 #xyz tv1
          -3.7774788049999998e+01   1.4083712700000010e+01   3.5000000000000003e-02 #xyz tv2
          -3.7774788049999998e+01   1.4083712700000010e+01   0.0000000000000000e+00 -1 98 #xyz tv3 fid bid
          -3.9769442540000000e+01   1.3937584440000002e+01   3.5000000000000003e-02 #xyz tv0
          -3.7774788049999998e+01   1.4083712700000010e+01   0.0000000000000000e+00 #xyz tv1
          -3.7774788049999998e+01   1.4083712700000010e+01   3.5000000000000003e-02 833 -1 #xyz tv2 fid bid
          -3.7673489309175693e+01   1.2700982330505381e+01   0.0000000000000000e+00 #xyz tv0
          -3.7774788049999998e+01   1.4083712700000010e+01   3.5000000000000003e-02 #xyz tv1
          -3.7774788049999998e+01   1.4083712700000010e+01   0.0000000000000000e+00 832 -1 #xyz tv2 fid bid
          -3.7774788049999998e+01   1.4083712700000010e+01   0.0000000000000000e+00 #xyz ev0
          -3.7774788049999998e+01   1.4083712700000010e+01   3.5000000000000003e-02 -1 98 #xyz ev1 fid bid
   0   0.000000000000e+00   0.000000000000e+00   0.000000000000e+00 #flag location
END_ERR 
