G3dErrFileVersion 2025R1
FlagFileMetaData Begin
   Mesh Size - Setup1, Refinement, Pass #1, Freq. 9.150000e+08 :Title    
   Listing of mesh elements with poor quality. :ToolTip  
   hf3d :Author   
   1761269042 :TimeStamp
   mm :UnitName 
   1.0000000000000000e-03 :UnitConv
FlagFileMetaData End
BEGIN_ERR 
26 Small mesh segment detected on body : Box8
 Small mesh segment detected on body : Box8 
 Segment Statistics - Number of Segments : 1 --- Segment length(s) : 0.035000mm. The cutoff frequency for S-Matrix Only Solve is 731.201117073171kHz 
2 -1  1082  # nfids, fids[]
2 1077  -1  # nbids, bids[]
      6 2 1 0 #ntets ntri ned npts
          -1.6124258533362248e+01  -3.4942345715246645e+00   3.5000000000000003e-02 #xyz tv0
          -1.6190755389976111e+01  -5.6350492468380260e+00   3.5000000000000003e-02 #xyz tv1
          -1.6124258533362248e+01  -3.4942345715246645e+00   0.0000000000000000e+00 #xyz tv2
          -1.7526172696552244e+01  -3.9821583996812087e+00   0.0000000000000000e+00 -1 1077 #xyz tv3 fid bid
          -1.6124258533362248e+01  -3.4942345715246645e+00   3.5000000000000003e-02 #xyz tv0
          -1.6190755389976111e+01  -5.6350492468380260e+00   3.5000000000000003e-02 #xyz tv1
          -1.4110827554786097e+01  -4.9111487556891964e+00   3.5000000000000003e-02 #xyz tv2
          -1.6124258533362248e+01  -3.4942345715246645e+00   0.0000000000000000e+00 -1 1077 #xyz tv3 fid bid
          -1.6124258533362248e+01  -3.4942345715246645e+00   0.0000000000000000e+00 #xyz tv0
          -1.7526172696552244e+01  -3.9821583996812087e+00   0.0000000000000000e+00 #xyz tv1
          -2.3550172109079107e+01  -2.8122990477699519e+00   8.8611979166666044e-01 #xyz tv2
          -1.6124258533362248e+01  -3.4942345715246645e+00   3.5000000000000003e-02 -1 1077 #xyz tv3 fid bid
          -1.6124258533362248e+01  -3.4942345715246645e+00   3.5000000000000003e-02 #xyz tv0
          -1.4110827554786097e+01  -4.9111487556891964e+00   3.5000000000000003e-02 #xyz tv1
          -1.4044330698328817e+01  -2.7703340801781549e+00   0.0000000000000000e+00 #xyz tv2
          -1.6124258533362248e+01  -3.4942345715246645e+00   0.0000000000000000e+00 -1 1077 #xyz tv3 fid bid
          -1.1659374999999995e+01  -5.9097178500000969e-01  -7.1123662515049091e-15 #xyz tv0
          -1.6124258533362248e+01  -3.4942345715246645e+00   0.0000000000000000e+00 #xyz tv1
          -2.3550172109079107e+01  -2.8122990477699519e+00   8.8611979166666044e-01 #xyz tv2
          -1.6124258533362248e+01  -3.4942345715246645e+00   3.5000000000000003e-02 -1 1077 #xyz tv3 fid bid
          -1.1659374999999995e+01  -5.9097178500000969e-01  -7.1123662515049091e-15 #xyz tv0
          -1.6124258533362248e+01  -3.4942345715246645e+00   0.0000000000000000e+00 #xyz tv1
          -1.6124258533362248e+01  -3.4942345715246645e+00   3.5000000000000003e-02 #xyz tv2
          -1.4044330698328817e+01  -2.7703340801781549e+00   0.0000000000000000e+00 -1 1077 #xyz tv3 fid bid
          -1.6124258533362248e+01  -3.4942345715246645e+00   3.5000000000000003e-02 #xyz tv0
          -1.7526172696552244e+01  -3.9821583996812087e+00   0.0000000000000000e+00 #xyz tv1
          -1.6124258533362248e+01  -3.4942345715246645e+00   0.0000000000000000e+00 1082 -1 #xyz tv2 fid bid
          -1.6124258533362248e+01  -3.4942345715246645e+00   0.0000000000000000e+00 #xyz tv0
          -1.4044330698328817e+01  -2.7703340801781549e+00   0.0000000000000000e+00 #xyz tv1
          -1.6124258533362248e+01  -3.4942345715246645e+00   3.5000000000000003e-02 1082 -1 #xyz tv2 fid bid
          -1.6124258533362248e+01  -3.4942345715246645e+00   0.0000000000000000e+00 #xyz ev0
          -1.6124258533362248e+01  -3.4942345715246645e+00   3.5000000000000003e-02 -1 1077 #xyz ev1 fid bid
   0   0.000000000000e+00   0.000000000000e+00   0.000000000000e+00 #flag location
END_ERR 
G3dErrFileVersion 2025R1
FlagFileMetaData Begin
   Mesh Size - Setup1, Refinement, Pass #2, Freq. 9.150000e+08 :Title    
   Listing of mesh elements with poor quality. :ToolTip  
   hf3d :Author   
   1761269046 :TimeStamp
   mm :UnitName 
   1.0000000000000000e-03 :UnitConv
FlagFileMetaData End
BEGIN_ERR 
26 Small mesh segment detected on body : Cylinder1
 Small mesh segment detected on body : Cylinder1 
 Segment Statistics - Number of Segments : 1 --- Segment length(s) : 0.035000mm. The cutoff frequency for S-Matrix Only Solve is 731.201117073171kHz 
2 -1  1082  # nfids, fids[]
2 98  -1  # nbids, bids[]
      6 2 1 0 #ntets ntri ned npts
          -4.2768183755020628e+00   6.2916221514102333e-01   3.5000000000000003e-02 #xyz tv0
          -7.0806467018820092e+00  -3.4668544117205358e-01   0.0000000000000000e+00 #xyz tv1
          -4.2768183755020628e+00   6.2916221514102189e-01   0.0000000000000000e+00 #xyz tv2
          -5.4333408678930102e+00   4.8399483763136875e+00   3.6239510257206913e+00 -1 98 #xyz tv3 fid bid
          -4.2768183755020628e+00   6.2916221514102333e-01   3.5000000000000003e-02 #xyz tv0
          -1.9654550349608042e+00   1.4336117877249848e+00   0.0000000000000000e+00 #xyz tv1
          -5.4333408678930102e+00   4.8399483763136875e+00   3.6239510257206913e+00 #xyz tv2
          -4.2768183755020628e+00   6.2916221514102189e-01   0.0000000000000000e+00 -1 98 #xyz tv3 fid bid
          -4.2768183755020628e+00   6.2916221514102333e-01   3.5000000000000003e-02 #xyz tv0
          -7.0806467018820092e+00  -3.4668544117205358e-01   0.0000000000000000e+00 #xyz tv1
          -4.3433152317284351e+00  -1.5116524614739029e+00   3.5000000000000003e-02 #xyz tv2
          -4.2768183755020628e+00   6.2916221514102189e-01   0.0000000000000000e+00 -1 98 #xyz tv3 fid bid
          -4.2768183755020628e+00   6.2916221514102189e-01   0.0000000000000000e+00 #xyz tv0
          -1.2257368709454832e+00  -4.2660688038067091e-01   0.0000000000000000e+00 #xyz tv1
          -4.2768183755020628e+00   6.2916221514102333e-01   3.5000000000000003e-02 #xyz tv2
          -1.9654550349608042e+00   1.4336117877249848e+00   0.0000000000000000e+00 -1 98 #xyz tv3 fid bid
          -4.2768183755020628e+00   6.2916221514102333e-01   3.5000000000000003e-02 #xyz tv0
          -4.3433152317284351e+00  -1.5116524614739029e+00   3.5000000000000003e-02 #xyz tv1
          -2.2633873965384317e+00  -7.8775197032507827e-01   3.5000000000000003e-02 #xyz tv2
          -4.2768183755020628e+00   6.2916221514102189e-01   0.0000000000000000e+00 -1 98 #xyz tv3 fid bid
          -4.2768183755020628e+00   6.2916221514102189e-01   0.0000000000000000e+00 #xyz tv0
          -4.2768183755020628e+00   6.2916221514102333e-01   3.5000000000000003e-02 #xyz tv1
          -1.2257368709454832e+00  -4.2660688038067091e-01   0.0000000000000000e+00 #xyz tv2
          -2.2633873965384317e+00  -7.8775197032507827e-01   3.5000000000000003e-02 -1 98 #xyz tv3 fid bid
          -4.2768183755020628e+00   6.2916221514102333e-01   3.5000000000000003e-02 #xyz tv0
          -7.0806467018820092e+00  -3.4668544117205358e-01   0.0000000000000000e+00 #xyz tv1
          -4.2768183755020628e+00   6.2916221514102189e-01   0.0000000000000000e+00 1082 -1 #xyz tv2 fid bid
          -4.2768183755020628e+00   6.2916221514102189e-01   0.0000000000000000e+00 #xyz tv0
          -1.9654550349608042e+00   1.4336117877249848e+00   0.0000000000000000e+00 #xyz tv1
          -4.2768183755020628e+00   6.2916221514102333e-01   3.5000000000000003e-02 1082 -1 #xyz tv2 fid bid
          -4.2768183755020628e+00   6.2916221514102189e-01   0.0000000000000000e+00 #xyz ev0
          -4.2768183755020628e+00   6.2916221514102333e-01   3.5000000000000003e-02 -1 98 #xyz ev1 fid bid
   0   0.000000000000e+00   0.000000000000e+00   0.000000000000e+00 #flag location
END_ERR 
G3dErrFileVersion 2025R1
FlagFileMetaData Begin
   Mesh Size - Setup1, Refinement, Pass #3, Freq. 9.150000e+08 :Title    
   Listing of mesh elements with poor quality. :ToolTip  
   hf3d :Author   
   1761269050 :TimeStamp
   mm :UnitName 
   1.0000000000000000e-03 :UnitConv
FlagFileMetaData End
BEGIN_ERR 
26 Small mesh segment detected on body : Cylinder1
 Small mesh segment detected on body : Cylinder1 
 Segment Statistics - Number of Segments : 1 --- Segment length(s) : 0.035000mm. The cutoff frequency for S-Matrix Only Solve is 731.201117073171kHz 
2 -1  1082  # nfids, fids[]
2 98  -1  # nbids, bids[]
      6 2 1 0 #ntets ntri ned npts
          -4.2768183755020628e+00   6.2916221514102333e-01   3.5000000000000003e-02 #xyz tv0
          -1.9654550349608042e+00   1.4336117877249848e+00   0.0000000000000000e+00 #xyz tv1
          -5.4333408678930102e+00   4.8399483763136875e+00   3.6239510257206913e+00 #xyz tv2
          -4.2768183755020628e+00   6.2916221514102189e-01   0.0000000000000000e+00 -1 98 #xyz tv3 fid bid
          -4.2768183755020628e+00   6.2916221514102333e-01   3.5000000000000003e-02 #xyz tv0
          -7.0806467018820092e+00  -3.4668544117205358e-01   0.0000000000000000e+00 #xyz tv1
          -4.2768183755020628e+00   6.2916221514102189e-01   0.0000000000000000e+00 #xyz tv2
          -5.4333408678930102e+00   4.8399483763136875e+00   3.6239510257206913e+00 -1 98 #xyz tv3 fid bid
          -4.2768183755020628e+00   6.2916221514102189e-01   0.0000000000000000e+00 #xyz tv0
          -1.2451319276270585e+00  -4.3335715835671873e-01   0.0000000000000000e+00 #xyz tv1
          -4.2768183755020628e+00   6.2916221514102333e-01   3.5000000000000003e-02 #xyz tv2
          -1.9654550349608042e+00   1.4336117877249848e+00   0.0000000000000000e+00 -1 98 #xyz tv3 fid bid
          -4.2768183755020628e+00   6.2916221514102333e-01   3.5000000000000003e-02 #xyz tv0
          -7.0806467018820092e+00  -3.4668544117205358e-01   0.0000000000000000e+00 #xyz tv1
          -4.3433152317284351e+00  -1.5116524614739029e+00   3.5000000000000003e-02 #xyz tv2
          -4.2768183755020628e+00   6.2916221514102189e-01   0.0000000000000000e+00 -1 98 #xyz tv3 fid bid
          -4.2768183755020628e+00   6.2916221514102189e-01   0.0000000000000000e+00 #xyz tv0
          -4.2768183755020628e+00   6.2916221514102333e-01   3.5000000000000003e-02 #xyz tv1
          -1.2451319276270585e+00  -4.3335715835671873e-01   0.0000000000000000e+00 #xyz tv2
          -2.2633873965384317e+00  -7.8775197032507827e-01   3.5000000000000003e-02 -1 98 #xyz tv3 fid bid
          -4.2768183755020628e+00   6.2916221514102333e-01   3.5000000000000003e-02 #xyz tv0
          -4.3433152317284351e+00  -1.5116524614739029e+00   3.5000000000000003e-02 #xyz tv1
          -2.2633873965384317e+00  -7.8775197032507827e-01   3.5000000000000003e-02 #xyz tv2
          -4.2768183755020628e+00   6.2916221514102189e-01   0.0000000000000000e+00 -1 98 #xyz tv3 fid bid
          -4.2768183755020628e+00   6.2916221514102333e-01   3.5000000000000003e-02 #xyz tv0
          -7.0806467018820092e+00  -3.4668544117205358e-01   0.0000000000000000e+00 #xyz tv1
          -4.2768183755020628e+00   6.2916221514102189e-01   0.0000000000000000e+00 1082 -1 #xyz tv2 fid bid
          -4.2768183755020628e+00   6.2916221514102189e-01   0.0000000000000000e+00 #xyz tv0
          -1.9654550349608042e+00   1.4336117877249848e+00   0.0000000000000000e+00 #xyz tv1
          -4.2768183755020628e+00   6.2916221514102333e-01   3.5000000000000003e-02 1082 -1 #xyz tv2 fid bid
          -4.2768183755020628e+00   6.2916221514102189e-01   0.0000000000000000e+00 #xyz ev0
          -4.2768183755020628e+00   6.2916221514102333e-01   3.5000000000000003e-02 -1 98 #xyz ev1 fid bid
   0   0.000000000000e+00   0.000000000000e+00   0.000000000000e+00 #flag location
END_ERR 
G3dErrFileVersion 2025R1
FlagFileMetaData Begin
   Mesh Size - Setup1, Refinement, Pass #4, Freq. 9.150000e+08 :Title    
   Listing of mesh elements with poor quality. :ToolTip  
   hf3d :Author   
   1761269053 :TimeStamp
   mm :UnitName 
   1.0000000000000000e-03 :UnitConv
FlagFileMetaData End
BEGIN_ERR 
26 Small mesh segment detected on body : Cylinder1
 Small mesh segment detected on body : Cylinder1 
 Segment Statistics - Number of Segments : 1 --- Segment length(s) : 0.035000mm. The cutoff frequency for S-Matrix Only Solve is 731.201117073171kHz 
2 -1  1082  # nfids, fids[]
2 98  -1  # nbids, bids[]
      7 2 1 0 #ntets ntri ned npts
          -4.2768183755020628e+00   6.2916221514102333e-01   3.5000000000000003e-02 #xyz tv0
          -7.9379809923826210e+00   5.5774107614969681e+00  -9.7258653132285084e-16 #xyz tv1
          -7.0806467018820092e+00  -3.4668544117205358e-01   0.0000000000000000e+00 #xyz tv2
          -4.2768183755020628e+00   6.2916221514102189e-01   0.0000000000000000e+00 -1 98 #xyz tv3 fid bid
          -4.2768183755020628e+00   6.2916221514102333e-01   3.5000000000000003e-02 #xyz tv0
          -7.0806467018820092e+00  -3.4668544117205358e-01   0.0000000000000000e+00 #xyz tv1
          -4.3433152317284351e+00  -1.5116524614739029e+00   3.5000000000000003e-02 #xyz tv2
          -4.2768183755020628e+00   6.2916221514102189e-01   0.0000000000000000e+00 -1 98 #xyz tv3 fid bid
          -4.2768183755020628e+00   6.2916221514102189e-01   0.0000000000000000e+00 #xyz tv0
          -2.8201073912476677e+00   5.1993622828202470e+00   1.8119755128603456e+00 #xyz tv1
          -4.2768183755020628e+00   6.2916221514102333e-01   3.5000000000000003e-02 #xyz tv2
          -7.9379809923826210e+00   5.5774107614969681e+00  -9.7258653132285084e-16 -1 98 #xyz tv3 fid bid
          -4.2768183755020628e+00   6.2916221514102189e-01   0.0000000000000000e+00 #xyz tv0
          -2.8201073912476677e+00   5.1993622828202470e+00   1.8119755128603456e+00 #xyz tv1
          -1.9564344867381154e+00   1.4367513097702365e+00   0.0000000000000000e+00 #xyz tv2
          -4.2768183755020628e+00   6.2916221514102333e-01   3.5000000000000003e-02 -1 98 #xyz tv3 fid bid
          -4.2768183755020628e+00   6.2916221514102189e-01   0.0000000000000000e+00 #xyz tv0
          -1.2703312651960719e+00  -4.4212756497093070e-01   0.0000000000000000e+00 #xyz tv1
          -4.2768183755020628e+00   6.2916221514102333e-01   3.5000000000000003e-02 #xyz tv2
          -1.9564344867381154e+00   1.4367513097702365e+00   0.0000000000000000e+00 -1 98 #xyz tv3 fid bid
          -4.2768183755020628e+00   6.2916221514102333e-01   3.5000000000000003e-02 #xyz tv0
          -4.3433152317284351e+00  -1.5116524614739029e+00   3.5000000000000003e-02 #xyz tv1
          -2.2633873965384317e+00  -7.8775197032507827e-01   3.5000000000000003e-02 #xyz tv2
          -4.2768183755020628e+00   6.2916221514102189e-01   0.0000000000000000e+00 -1 98 #xyz tv3 fid bid
          -4.2768183755020628e+00   6.2916221514102189e-01   0.0000000000000000e+00 #xyz tv0
          -4.2768183755020628e+00   6.2916221514102333e-01   3.5000000000000003e-02 #xyz tv1
          -1.2703312651960719e+00  -4.4212756497093070e-01   0.0000000000000000e+00 #xyz tv2
          -2.2633873965384317e+00  -7.8775197032507827e-01   3.5000000000000003e-02 -1 98 #xyz tv3 fid bid
          -4.2768183755020628e+00   6.2916221514102333e-01   3.5000000000000003e-02 #xyz tv0
          -7.0806467018820092e+00  -3.4668544117205358e-01   0.0000000000000000e+00 #xyz tv1
          -4.2768183755020628e+00   6.2916221514102189e-01   0.0000000000000000e+00 1082 -1 #xyz tv2 fid bid
          -4.2768183755020628e+00   6.2916221514102189e-01   0.0000000000000000e+00 #xyz tv0
          -1.9564344867381154e+00   1.4367513097702365e+00   0.0000000000000000e+00 #xyz tv1
          -4.2768183755020628e+00   6.2916221514102333e-01   3.5000000000000003e-02 1082 -1 #xyz tv2 fid bid
          -4.2768183755020628e+00   6.2916221514102189e-01   0.0000000000000000e+00 #xyz ev0
          -4.2768183755020628e+00   6.2916221514102333e-01   3.5000000000000003e-02 -1 98 #xyz ev1 fid bid
   0   0.000000000000e+00   0.000000000000e+00   0.000000000000e+00 #flag location
END_ERR 
