G3dErrFileVersion 2025R1
FlagFileMetaData Begin
   Mesh Size - Setup1, Refinement, Pass #1, Freq. 9.150000e+08 :Title    
   Listing of mesh elements with poor quality. :ToolTip  
   hf3d :Author   
   1761267731 :TimeStamp
   mm :UnitName 
   1.0000000000000000e-03 :UnitConv
FlagFileMetaData End
BEGIN_ERR 
26 Small mesh segment detected on body : Box8
 Small mesh segment detected on body : Box8 
 Segment Statistics - Number of Segments : 1 --- Segment length(s) : 0.035000mm. The cutoff frequency for S-Matrix Only Solve is 731.201117073171kHz 
2 -1  1082  # nfids, fids[]
2 1077  -1  # nbids, bids[]
      5 2 1 0 #ntets ntri ned npts
          -4.2768183746145647e+00   6.2916221296448427e-01   0.0000000000000000e+00 #xyz tv0
          -2.2633873959761450e+00  -7.8775197188261115e-01   3.5000000000000003e-02 #xyz tv1
          -2.1968905397321032e+00   1.3530627045016073e+00   3.5000000000000003e-02 #xyz tv2
          -2.1968905397321006e+00   1.3530627045016037e+00   0.0000000000000000e+00 -1 1077 #xyz tv3 fid bid
          -1.8345956091869342e-01  -6.3851480566427282e-02   3.5000000000000003e-02 #xyz tv0
          -2.1968905397321032e+00   1.3530627045016073e+00   3.5000000000000003e-02 #xyz tv1
          -2.2633873959761450e+00  -7.8775197188261115e-01   3.5000000000000003e-02 #xyz tv2
          -2.1968905397321006e+00   1.3530627045016037e+00   0.0000000000000000e+00 -1 1077 #xyz tv3 fid bid
          -9.3274999999999970e+00   2.0000000000000000e+01   0.0000000000000000e+00 #xyz tv0
          -4.2768183746145647e+00   6.2916221296448427e-01   0.0000000000000000e+00 #xyz tv1
          -2.1968905397321032e+00   1.3530627045016073e+00   3.5000000000000003e-02 #xyz tv2
          -2.1968905397321006e+00   1.3530627045016037e+00   0.0000000000000000e+00 -1 1077 #xyz tv3 fid bid
          -1.8345956091869342e-01  -6.3851480566427282e-02   3.5000000000000003e-02 #xyz tv0
          -2.1968905397321032e+00   1.3530627045016073e+00   3.5000000000000003e-02 #xyz tv1
          -2.1968905397321006e+00   1.3530627045016037e+00   0.0000000000000000e+00 #xyz tv2
           5.8399437675525856e-01   2.3209251102023898e+00   0.0000000000000000e+00 -1 1077 #xyz tv3 fid bid
          -2.1968905397321032e+00   1.3530627045016073e+00   3.5000000000000003e-02 #xyz tv0
           5.8399437675525856e-01   2.3209251102023898e+00   0.0000000000000000e+00 #xyz tv1
          -9.3274999999999970e+00   2.0000000000000000e+01   0.0000000000000000e+00 #xyz tv2
          -2.1968905397321006e+00   1.3530627045016037e+00   0.0000000000000000e+00 -1 1077 #xyz tv3 fid bid
          -2.1968905397321032e+00   1.3530627045016073e+00   3.5000000000000003e-02 #xyz tv0
          -2.1968905397321006e+00   1.3530627045016037e+00   0.0000000000000000e+00 #xyz tv1
           5.8399437675525856e-01   2.3209251102023898e+00   0.0000000000000000e+00 1082 -1 #xyz tv2 fid bid
          -2.1968905397321032e+00   1.3530627045016073e+00   3.5000000000000003e-02 #xyz tv0
          -4.2768183746145647e+00   6.2916221296448427e-01   0.0000000000000000e+00 #xyz tv1
          -2.1968905397321006e+00   1.3530627045016037e+00   0.0000000000000000e+00 1082 -1 #xyz tv2 fid bid
          -2.1968905397321032e+00   1.3530627045016073e+00   3.5000000000000003e-02 #xyz ev0
          -2.1968905397321006e+00   1.3530627045016037e+00   0.0000000000000000e+00 -1 1077 #xyz ev1 fid bid
   0   0.000000000000e+00   0.000000000000e+00   0.000000000000e+00 #flag location
END_ERR 
G3dErrFileVersion 2025R1
FlagFileMetaData Begin
   Mesh Size - Setup1, Refinement, Pass #2, Freq. 9.150000e+08 :Title    
   Listing of mesh elements with poor quality. :ToolTip  
   hf3d :Author   
   1761267734 :TimeStamp
   mm :UnitName 
   1.0000000000000000e-03 :UnitConv
FlagFileMetaData End
BEGIN_ERR 
26 Small mesh segment detected on body : Box8
 Small mesh segment detected on body : Box8 
 Segment Statistics - Number of Segments : 1 --- Segment length(s) : 0.035000mm. The cutoff frequency for S-Matrix Only Solve is 731.201117073171kHz 
2 -1  1082  # nfids, fids[]
2 1077  -1  # nbids, bids[]
      5 2 1 0 #ntets ntri ned npts
          -4.2768183746145647e+00   6.2916221296448427e-01   0.0000000000000000e+00 #xyz tv0
          -2.2633873959761450e+00  -7.8775197188261115e-01   3.5000000000000003e-02 #xyz tv1
          -2.1968905397321032e+00   1.3530627045016073e+00   3.5000000000000003e-02 #xyz tv2
          -2.1968905397321006e+00   1.3530627045016037e+00   0.0000000000000000e+00 -1 1077 #xyz tv3 fid bid
          -1.8345956091869342e-01  -6.3851480566427282e-02   3.5000000000000003e-02 #xyz tv0
          -2.1968905397321032e+00   1.3530627045016073e+00   3.5000000000000003e-02 #xyz tv1
          -2.2633873959761450e+00  -7.8775197188261115e-01   3.5000000000000003e-02 #xyz tv2
          -2.1968905397321006e+00   1.3530627045016037e+00   0.0000000000000000e+00 -1 1077 #xyz tv3 fid bid
          -4.6920634070279119e+00   9.3926011704688683e+00   0.0000000000000000e+00 #xyz tv0
          -2.1968905397321032e+00   1.3530627045016073e+00   3.5000000000000003e-02 #xyz tv1
          -2.1968905397321006e+00   1.3530627045016037e+00   0.0000000000000000e+00 #xyz tv2
          -4.2768183746145647e+00   6.2916221296448427e-01   0.0000000000000000e+00 -1 1077 #xyz tv3 fid bid
          -1.8345956091869342e-01  -6.3851480566427282e-02   3.5000000000000003e-02 #xyz tv0
          -2.1968905397321032e+00   1.3530627045016073e+00   3.5000000000000003e-02 #xyz tv1
          -2.1968905397321006e+00   1.3530627045016037e+00   0.0000000000000000e+00 #xyz tv2
           5.8399437675525867e-01   2.3209251102023898e+00   0.0000000000000000e+00 -1 1077 #xyz tv3 fid bid
          -2.1968905397321032e+00   1.3530627045016073e+00   3.5000000000000003e-02 #xyz tv0
           5.8399437675525867e-01   2.3209251102023898e+00   0.0000000000000000e+00 #xyz tv1
          -4.6920634070279119e+00   9.3926011704688683e+00   0.0000000000000000e+00 #xyz tv2
          -2.1968905397321006e+00   1.3530627045016037e+00   0.0000000000000000e+00 -1 1077 #xyz tv3 fid bid
          -2.1968905397321032e+00   1.3530627045016073e+00   3.5000000000000003e-02 #xyz tv0
          -2.1968905397321006e+00   1.3530627045016037e+00   0.0000000000000000e+00 #xyz tv1
           5.8399437675525867e-01   2.3209251102023898e+00   0.0000000000000000e+00 1082 -1 #xyz tv2 fid bid
          -2.1968905397321032e+00   1.3530627045016073e+00   3.5000000000000003e-02 #xyz tv0
          -4.2768183746145647e+00   6.2916221296448427e-01   0.0000000000000000e+00 #xyz tv1
          -2.1968905397321006e+00   1.3530627045016037e+00   0.0000000000000000e+00 1082 -1 #xyz tv2 fid bid
          -2.1968905397321032e+00   1.3530627045016073e+00   3.5000000000000003e-02 #xyz ev0
          -2.1968905397321006e+00   1.3530627045016037e+00   0.0000000000000000e+00 -1 1077 #xyz ev1 fid bid
   0   0.000000000000e+00   0.000000000000e+00   0.000000000000e+00 #flag location
END_ERR 
G3dErrFileVersion 2025R1
FlagFileMetaData Begin
   Mesh Size - Setup1, Refinement, Pass #3, Freq. 9.150000e+08 :Title    
   Listing of mesh elements with poor quality. :ToolTip  
   hf3d :Author   
   1761267737 :TimeStamp
   mm :UnitName 
   1.0000000000000000e-03 :UnitConv
FlagFileMetaData End
BEGIN_ERR 
26 Small mesh segment detected on body : Box8
 Small mesh segment detected on body : Box8 
 Segment Statistics - Number of Segments : 1 --- Segment length(s) : 0.035000mm. The cutoff frequency for S-Matrix Only Solve is 731.201117073171kHz 
2 -1  1082  # nfids, fids[]
2 1077  -1  # nbids, bids[]
      5 2 1 0 #ntets ntri ned npts
          -4.2768183746145647e+00   6.2916221296448427e-01   0.0000000000000000e+00 #xyz tv0
          -2.2633873959761450e+00  -7.8775197188261115e-01   3.5000000000000003e-02 #xyz tv1
          -2.1968905397321032e+00   1.3530627045016073e+00   3.5000000000000003e-02 #xyz tv2
          -2.1968905397321006e+00   1.3530627045016037e+00   0.0000000000000000e+00 -1 1077 #xyz tv3 fid bid
          -1.8345956091869342e-01  -6.3851480566427282e-02   3.5000000000000003e-02 #xyz tv0
          -2.1968905397321032e+00   1.3530627045016073e+00   3.5000000000000003e-02 #xyz tv1
          -2.2633873959761450e+00  -7.8775197188261115e-01   3.5000000000000003e-02 #xyz tv2
          -2.1968905397321006e+00   1.3530627045016037e+00   0.0000000000000000e+00 -1 1077 #xyz tv3 fid bid
          -4.3092443801463043e+00   7.6608164969153805e+00   0.0000000000000000e+00 #xyz tv0
          -2.1968905397321032e+00   1.3530627045016073e+00   3.5000000000000003e-02 #xyz tv1
          -2.1968905397321006e+00   1.3530627045016037e+00   0.0000000000000000e+00 #xyz tv2
          -4.2768183746145647e+00   6.2916221296448427e-01   0.0000000000000000e+00 -1 1077 #xyz tv3 fid bid
          -1.8345956091869342e-01  -6.3851480566427282e-02   3.5000000000000003e-02 #xyz tv0
          -2.1968905397321032e+00   1.3530627045016073e+00   3.5000000000000003e-02 #xyz tv1
          -2.1968905397321006e+00   1.3530627045016037e+00   0.0000000000000000e+00 #xyz tv2
           5.8399437675525867e-01   2.3209251102023898e+00   0.0000000000000000e+00 -1 1077 #xyz tv3 fid bid
          -2.1968905397321032e+00   1.3530627045016073e+00   3.5000000000000003e-02 #xyz tv0
           5.8399437675525867e-01   2.3209251102023898e+00   0.0000000000000000e+00 #xyz tv1
          -4.3092443801463043e+00   7.6608164969153805e+00   0.0000000000000000e+00 #xyz tv2
          -2.1968905397321006e+00   1.3530627045016037e+00   0.0000000000000000e+00 -1 1077 #xyz tv3 fid bid
          -2.1968905397321032e+00   1.3530627045016073e+00   3.5000000000000003e-02 #xyz tv0
          -2.1968905397321006e+00   1.3530627045016037e+00   0.0000000000000000e+00 #xyz tv1
           5.8399437675525867e-01   2.3209251102023898e+00   0.0000000000000000e+00 1082 -1 #xyz tv2 fid bid
          -2.1968905397321032e+00   1.3530627045016073e+00   3.5000000000000003e-02 #xyz tv0
          -4.2768183746145647e+00   6.2916221296448427e-01   0.0000000000000000e+00 #xyz tv1
          -2.1968905397321006e+00   1.3530627045016037e+00   0.0000000000000000e+00 1082 -1 #xyz tv2 fid bid
          -2.1968905397321032e+00   1.3530627045016073e+00   3.5000000000000003e-02 #xyz ev0
          -2.1968905397321006e+00   1.3530627045016037e+00   0.0000000000000000e+00 -1 1077 #xyz ev1 fid bid
   0   0.000000000000e+00   0.000000000000e+00   0.000000000000e+00 #flag location
END_ERR 
G3dErrFileVersion 2025R1
FlagFileMetaData Begin
   Mesh Size - Setup1, Refinement, Pass #4, Freq. 9.150000e+08 :Title    
   Listing of mesh elements with poor quality. :ToolTip  
   hf3d :Author   
   1761267740 :TimeStamp
   mm :UnitName 
   1.0000000000000000e-03 :UnitConv
FlagFileMetaData End
BEGIN_ERR 
26 Small mesh segment detected on body : Box8
 Small mesh segment detected on body : Box8 
 Segment Statistics - Number of Segments : 1 --- Segment length(s) : 0.035000mm. The cutoff frequency for S-Matrix Only Solve is 731.201117073171kHz 
2 -1  1082  # nfids, fids[]
2 1077  -1  # nbids, bids[]
      5 2 1 0 #ntets ntri ned npts
          -4.2768183746145647e+00   6.2916221296448427e-01   0.0000000000000000e+00 #xyz tv0
          -2.2633873959761450e+00  -7.8775197188261115e-01   3.5000000000000003e-02 #xyz tv1
          -2.1968905397321032e+00   1.3530627045016073e+00   3.5000000000000003e-02 #xyz tv2
          -2.1968905397321006e+00   1.3530627045016037e+00   0.0000000000000000e+00 -1 1077 #xyz tv3 fid bid
          -1.8345956091869342e-01  -6.3851480566427282e-02   3.5000000000000003e-02 #xyz tv0
          -2.1968905397321032e+00   1.3530627045016073e+00   3.5000000000000003e-02 #xyz tv1
          -2.2633873959761450e+00  -7.8775197188261115e-01   3.5000000000000003e-02 #xyz tv2
          -2.1968905397321006e+00   1.3530627045016037e+00   0.0000000000000000e+00 -1 1077 #xyz tv3 fid bid
          -3.4682090344157874e+00   3.9199417583824312e+00   0.0000000000000000e+00 #xyz tv0
          -2.1968905397321032e+00   1.3530627045016073e+00   3.5000000000000003e-02 #xyz tv1
          -2.1968905397321006e+00   1.3530627045016037e+00   0.0000000000000000e+00 #xyz tv2
          -4.2768183746145647e+00   6.2916221296448427e-01   0.0000000000000000e+00 -1 1077 #xyz tv3 fid bid
          -1.8345956091869342e-01  -6.3851480566427282e-02   3.5000000000000003e-02 #xyz tv0
          -2.1968905397321032e+00   1.3530627045016073e+00   3.5000000000000003e-02 #xyz tv1
          -2.1968905397321006e+00   1.3530627045016037e+00   0.0000000000000000e+00 #xyz tv2
           5.8399437675525867e-01   2.3209251102023898e+00   0.0000000000000000e+00 -1 1077 #xyz tv3 fid bid
          -2.1968905397321032e+00   1.3530627045016073e+00   3.5000000000000003e-02 #xyz tv0
           5.8399437675525867e-01   2.3209251102023898e+00   0.0000000000000000e+00 #xyz tv1
          -3.4682090344157874e+00   3.9199417583824312e+00   0.0000000000000000e+00 #xyz tv2
          -2.1968905397321006e+00   1.3530627045016037e+00   0.0000000000000000e+00 -1 1077 #xyz tv3 fid bid
          -2.1968905397321032e+00   1.3530627045016073e+00   3.5000000000000003e-02 #xyz tv0
          -2.1968905397321006e+00   1.3530627045016037e+00   0.0000000000000000e+00 #xyz tv1
           5.8399437675525867e-01   2.3209251102023898e+00   0.0000000000000000e+00 1082 -1 #xyz tv2 fid bid
          -2.1968905397321032e+00   1.3530627045016073e+00   3.5000000000000003e-02 #xyz tv0
          -4.2768183746145647e+00   6.2916221296448427e-01   0.0000000000000000e+00 #xyz tv1
          -2.1968905397321006e+00   1.3530627045016037e+00   0.0000000000000000e+00 1082 -1 #xyz tv2 fid bid
          -2.1968905397321032e+00   1.3530627045016073e+00   3.5000000000000003e-02 #xyz ev0
          -2.1968905397321006e+00   1.3530627045016037e+00   0.0000000000000000e+00 -1 1077 #xyz ev1 fid bid
   0   0.000000000000e+00   0.000000000000e+00   0.000000000000e+00 #flag location
END_ERR 
G3dErrFileVersion 2025R1
FlagFileMetaData Begin
   Mesh Size - Setup1, Refinement, Pass #5, Freq. 9.150000e+08 :Title    
   Listing of mesh elements with poor quality. :ToolTip  
   hf3d :Author   
   1761267743 :TimeStamp
   mm :UnitName 
   1.0000000000000000e-03 :UnitConv
FlagFileMetaData End
BEGIN_ERR 
26 Small mesh segment detected on body : Box8
 Small mesh segment detected on body : Box8 
 Segment Statistics - Number of Segments : 1 --- Segment length(s) : 0.035000mm. The cutoff frequency for S-Matrix Only Solve is 731.201117073171kHz 
2 -1  1082  # nfids, fids[]
2 1077  -1  # nbids, bids[]
      6 2 1 0 #ntets ntri ned npts
          -1.8808634490673359e-01  -6.5461791821316895e-02   0.0000000000000000e+00 #xyz tv0
           5.8399437675525867e-01   2.3209251102023898e+00   0.0000000000000000e+00 #xyz tv1
          -2.1968905397321032e+00   1.3530627045016073e+00   3.5000000000000003e-02 #xyz tv2
          -2.1968905397321006e+00   1.3530627045016037e+00   0.0000000000000000e+00 -1 1077 #xyz tv3 fid bid
          -2.1968905397321006e+00   1.3530627045016037e+00   0.0000000000000000e+00 #xyz tv0
          -2.1968905397321032e+00   1.3530627045016073e+00   3.5000000000000003e-02 #xyz tv1
          -2.6966925607182890e-01   4.5258043307942035e+00   0.0000000000000000e+00 #xyz tv2
           5.8399437675525867e-01   2.3209251102023898e+00   0.0000000000000000e+00 -1 1077 #xyz tv3 fid bid
          -2.2633873959761450e+00  -7.8775197188261115e-01   3.5000000000000003e-02 #xyz tv0
          -1.8808634490673359e-01  -6.5461791821316895e-02   0.0000000000000000e+00 #xyz tv1
          -2.1968905397321032e+00   1.3530627045016073e+00   3.5000000000000003e-02 #xyz tv2
          -2.1968905397321006e+00   1.3530627045016037e+00   0.0000000000000000e+00 -1 1077 #xyz tv3 fid bid
          -2.1968905397321006e+00   1.3530627045016037e+00   0.0000000000000000e+00 #xyz tv0
          -2.6966925607182890e-01   4.5258043307942035e+00   0.0000000000000000e+00 #xyz tv1
          -2.1968905397321032e+00   1.3530627045016073e+00   3.5000000000000003e-02 #xyz tv2
          -3.4682090344157874e+00   3.9199417583824312e+00   0.0000000000000000e+00 -1 1077 #xyz tv3 fid bid
          -4.2768183746145647e+00   6.2916221296448427e-01   0.0000000000000000e+00 #xyz tv0
          -2.2633873959761450e+00  -7.8775197188261115e-01   3.5000000000000003e-02 #xyz tv1
          -2.1968905397321032e+00   1.3530627045016073e+00   3.5000000000000003e-02 #xyz tv2
          -2.1968905397321006e+00   1.3530627045016037e+00   0.0000000000000000e+00 -1 1077 #xyz tv3 fid bid
          -3.4682090344157874e+00   3.9199417583824312e+00   0.0000000000000000e+00 #xyz tv0
          -2.1968905397321032e+00   1.3530627045016073e+00   3.5000000000000003e-02 #xyz tv1
          -2.1968905397321006e+00   1.3530627045016037e+00   0.0000000000000000e+00 #xyz tv2
          -4.2768183746145647e+00   6.2916221296448427e-01   0.0000000000000000e+00 -1 1077 #xyz tv3 fid bid
          -2.1968905397321032e+00   1.3530627045016073e+00   3.5000000000000003e-02 #xyz tv0
          -2.1968905397321006e+00   1.3530627045016037e+00   0.0000000000000000e+00 #xyz tv1
           5.8399437675525867e-01   2.3209251102023898e+00   0.0000000000000000e+00 1082 -1 #xyz tv2 fid bid
          -2.1968905397321032e+00   1.3530627045016073e+00   3.5000000000000003e-02 #xyz tv0
          -4.2768183746145647e+00   6.2916221296448427e-01   0.0000000000000000e+00 #xyz tv1
          -2.1968905397321006e+00   1.3530627045016037e+00   0.0000000000000000e+00 1082 -1 #xyz tv2 fid bid
          -2.1968905397321032e+00   1.3530627045016073e+00   3.5000000000000003e-02 #xyz ev0
          -2.1968905397321006e+00   1.3530627045016037e+00   0.0000000000000000e+00 -1 1077 #xyz ev1 fid bid
   0   0.000000000000e+00   0.000000000000e+00   0.000000000000e+00 #flag location
END_ERR 
G3dErrFileVersion 2025R1
FlagFileMetaData Begin
   Mesh Size - Setup1, Refinement, Pass #6, Freq. 9.150000e+08 :Title    
   Listing of mesh elements with poor quality. :ToolTip  
   hf3d :Author   
   1761267747 :TimeStamp
   mm :UnitName 
   1.0000000000000000e-03 :UnitConv
FlagFileMetaData End
BEGIN_ERR 
26 Small mesh segment detected on body : Box8
 Small mesh segment detected on body : Box8 
 Segment Statistics - Number of Segments : 1 --- Segment length(s) : 0.035000mm. The cutoff frequency for S-Matrix Only Solve is 731.201117073171kHz 
2 -1  1082  # nfids, fids[]
2 1077  -1  # nbids, bids[]
      7 2 1 0 #ntets ntri ned npts
           1.3810405287519403e+01   6.9242604754965278e+00   0.0000000000000000e+00 #xyz tv0
           1.6248204732230882e+01   5.6550439803547050e+00   3.5000000000000003e-02 #xyz tv1
           1.3810405287519403e+01   6.9242604754965278e+00   3.5000000000000003e-02 #xyz tv2
           1.6096031601624837e+01   7.7197525038748127e+00   0.0000000000000000e+00 -1 1077 #xyz tv3 fid bid
           1.3810405287519403e+01   6.9242604754965278e+00   0.0000000000000000e+00 #xyz tv0
           1.3810405287519403e+01   6.9242604754965278e+00   3.5000000000000003e-02 #xyz tv1
           1.6248204732230882e+01   5.6550439803547050e+00   3.5000000000000003e-02 #xyz tv2
           1.4084023347678714e+01   4.9018197861454009e+00   0.0000000000000000e+00 -1 1077 #xyz tv3 fid bid
           1.3978153756991478e+01   8.4205843139197079e+00   0.0000000000000000e+00 #xyz tv0
           1.3810405287519403e+01   6.9242604754965278e+00   3.5000000000000003e-02 #xyz tv1
           1.6096031601624837e+01   7.7197525038748127e+00   0.0000000000000000e+00 #xyz tv2
           1.3810405287519403e+01   6.9242604754965278e+00   0.0000000000000000e+00 -1 1077 #xyz tv3 fid bid
           1.3810405287519403e+01   6.9242604754965278e+00   0.0000000000000000e+00 #xyz tv0
           1.3810405287519403e+01   6.9242604754965278e+00   3.5000000000000003e-02 #xyz tv1
           1.4084023347678714e+01   4.9018197861454009e+00   0.0000000000000000e+00 #xyz tv2
           1.4015394632965755e+01   4.8779341688361155e+00   3.5000000000000003e-02 -1 1077 #xyz tv3 fid bid
           1.3978153756991478e+01   8.4205843139197079e+00   0.0000000000000000e+00 #xyz tv0
           1.1366049046758020e+01   8.1703218890911948e+00   0.0000000000000000e+00 #xyz tv1
           1.3810405287519403e+01   6.9242604754965278e+00   3.5000000000000003e-02 #xyz tv2
           1.3810405287519403e+01   6.9242604754965278e+00   0.0000000000000000e+00 -1 1077 #xyz tv3 fid bid
           1.4015394632965755e+01   4.8779341688361155e+00   3.5000000000000003e-02 #xyz tv0
           1.3810405287519403e+01   6.9242604754965278e+00   3.5000000000000003e-02 #xyz tv1
           1.0690513535195704e+01   5.8384097381908422e+00   3.5000000000000003e-02 #xyz tv2
           1.3810405287519403e+01   6.9242604754965278e+00   0.0000000000000000e+00 -1 1077 #xyz tv3 fid bid
           1.3810405287519403e+01   6.9242604754965278e+00   3.5000000000000003e-02 #xyz tv0
           1.1366049046758020e+01   8.1703218890911948e+00   0.0000000000000000e+00 #xyz tv1
           1.0690513535195704e+01   5.8384097381908422e+00   3.5000000000000003e-02 #xyz tv2
           1.3810405287519403e+01   6.9242604754965278e+00   0.0000000000000000e+00 -1 1077 #xyz tv3 fid bid
           1.6096031601624837e+01   7.7197525038748127e+00   0.0000000000000000e+00 #xyz tv0
           1.3810405287519403e+01   6.9242604754965278e+00   3.5000000000000003e-02 #xyz tv1
           1.3810405287519403e+01   6.9242604754965278e+00   0.0000000000000000e+00 1082 -1 #xyz tv2 fid bid
           1.3810405287519403e+01   6.9242604754965278e+00   0.0000000000000000e+00 #xyz tv0
           1.3810405287519403e+01   6.9242604754965278e+00   3.5000000000000003e-02 #xyz tv1
           1.0690513535195704e+01   5.8384097381908422e+00   3.5000000000000003e-02 1082 -1 #xyz tv2 fid bid
           1.3810405287519403e+01   6.9242604754965278e+00   3.5000000000000003e-02 #xyz ev0
           1.3810405287519403e+01   6.9242604754965278e+00   0.0000000000000000e+00 -1 1077 #xyz ev1 fid bid
   0   0.000000000000e+00   0.000000000000e+00   0.000000000000e+00 #flag location
END_ERR 
BEGIN_ERR 
26 Small mesh segment detected on body : Box8
 Small mesh segment detected on body : Box8 
 Segment Statistics - Number of Segments : 1 --- Segment length(s) : 0.035000mm. The cutoff frequency for S-Matrix Only Solve is 731.201117073171kHz 
2 -1  1082  # nfids, fids[]
2 1077  -1  # nbids, bids[]
      7 2 1 0 #ntets ntri ned npts
          -1.8808634490673359e-01  -6.5461791821316895e-02   0.0000000000000000e+00 #xyz tv0
           5.8399437675525867e-01   2.3209251102023898e+00   0.0000000000000000e+00 #xyz tv1
          -2.1968905397321032e+00   1.3530627045016073e+00   3.5000000000000003e-02 #xyz tv2
          -2.1968905397321006e+00   1.3530627045016037e+00   0.0000000000000000e+00 -1 1077 #xyz tv3 fid bid
          -2.1968905397321006e+00   1.3530627045016037e+00   0.0000000000000000e+00 #xyz tv0
          -2.1968905397321032e+00   1.3530627045016073e+00   3.5000000000000003e-02 #xyz tv1
          -2.6966925607182890e-01   4.5258043307942035e+00   0.0000000000000000e+00 #xyz tv2
           5.8399437675525867e-01   2.3209251102023898e+00   0.0000000000000000e+00 -1 1077 #xyz tv3 fid bid
          -2.2633873959761450e+00  -7.8775197188261115e-01   3.5000000000000003e-02 #xyz tv0
          -1.8808634490673359e-01  -6.5461791821316895e-02   0.0000000000000000e+00 #xyz tv1
          -2.1968905397321032e+00   1.3530627045016073e+00   3.5000000000000003e-02 #xyz tv2
          -2.1968905397321006e+00   1.3530627045016037e+00   0.0000000000000000e+00 -1 1077 #xyz tv3 fid bid
          -2.1968905397321006e+00   1.3530627045016037e+00   0.0000000000000000e+00 #xyz tv0
          -2.6966925607182890e-01   4.5258043307942035e+00   0.0000000000000000e+00 #xyz tv1
          -2.1968905397321032e+00   1.3530627045016073e+00   3.5000000000000003e-02 #xyz tv2
          -3.4682090344157874e+00   3.9199417583824312e+00   0.0000000000000000e+00 -1 1077 #xyz tv3 fid bid
          -4.2768183746145647e+00   6.2916221296448427e-01   0.0000000000000000e+00 #xyz tv0
          -2.2633873959761450e+00  -7.8775197188261115e-01   3.5000000000000003e-02 #xyz tv1
          -2.1968905397321032e+00   1.3530627045016073e+00   3.5000000000000003e-02 #xyz tv2
          -2.1968905397321006e+00   1.3530627045016037e+00   0.0000000000000000e+00 -1 1077 #xyz tv3 fid bid
          -4.2072334585350397e+00   2.1423254674663736e+00   0.0000000000000000e+00 #xyz tv0
          -2.1968905397321006e+00   1.3530627045016037e+00   0.0000000000000000e+00 #xyz tv1
          -2.1968905397321032e+00   1.3530627045016073e+00   3.5000000000000003e-02 #xyz tv2
          -3.4682090344157874e+00   3.9199417583824312e+00   0.0000000000000000e+00 -1 1077 #xyz tv3 fid bid
          -4.2072334585350397e+00   2.1423254674663736e+00   0.0000000000000000e+00 #xyz tv0
          -2.1968905397321032e+00   1.3530627045016073e+00   3.5000000000000003e-02 #xyz tv1
          -2.1968905397321006e+00   1.3530627045016037e+00   0.0000000000000000e+00 #xyz tv2
          -4.2768183746145647e+00   6.2916221296448427e-01   0.0000000000000000e+00 -1 1077 #xyz tv3 fid bid
          -2.1968905397321032e+00   1.3530627045016073e+00   3.5000000000000003e-02 #xyz tv0
          -2.1968905397321006e+00   1.3530627045016037e+00   0.0000000000000000e+00 #xyz tv1
           5.8399437675525867e-01   2.3209251102023898e+00   0.0000000000000000e+00 1082 -1 #xyz tv2 fid bid
          -2.1968905397321032e+00   1.3530627045016073e+00   3.5000000000000003e-02 #xyz tv0
          -4.2768183746145647e+00   6.2916221296448427e-01   0.0000000000000000e+00 #xyz tv1
          -2.1968905397321006e+00   1.3530627045016037e+00   0.0000000000000000e+00 1082 -1 #xyz tv2 fid bid
          -2.1968905397321032e+00   1.3530627045016073e+00   3.5000000000000003e-02 #xyz ev0
          -2.1968905397321006e+00   1.3530627045016037e+00   0.0000000000000000e+00 -1 1077 #xyz ev1 fid bid
   0   0.000000000000e+00   0.000000000000e+00   0.000000000000e+00 #flag location
END_ERR 
