G3dErrFileVersion 2025R1
FlagFileMetaData Begin
   Mesh Size - Setup1, Refinement, Pass #1, Freq. 9.150000e+08 :Title    
   Listing of mesh elements with poor quality. :ToolTip  
   hf3d :Author   
   1761268028 :TimeStamp
   mm :UnitName 
   1.0000000000000000e-03 :UnitConv
FlagFileMetaData End
BEGIN_ERR 
26 Small mesh segment detected on body : Box8
 Small mesh segment detected on body : Box8 
 Segment Statistics - Number of Segments : 1 --- Segment length(s) : 0.029312mm. The cutoff frequency for S-Matrix Only Solve is 731.201117073171kHz 
3 -1  1078  1113  # nfids, fids[]
2 1077  -1  # nbids, bids[]
      4 2 1 0 #ntets ntri ned npts
           3.6351675396564218e+01   7.5767252966901575e+00   3.5000000000000003e-02 #xyz tv0
           3.8434711650522502e+01   6.5164402599128941e+00   3.5000000000000003e-02 #xyz tv1
           3.8436853319886097e+01   6.4872064190021526e+00   0.0000000000000000e+00 #xyz tv2
           3.8436853319886097e+01   6.4872064190021526e+00   3.5000000000000003e-02 -1 1077 #xyz tv3 fid bid
           3.7963361726478489e+01   6.8009195676209586e+00   2.3114765624999927e+00 #xyz tv0
           3.8434711650522502e+01   6.5164402599128941e+00   3.5000000000000003e-02 #xyz tv1
           3.6351675396564218e+01   7.5767252966901575e+00   3.5000000000000003e-02 #xyz tv2
           3.8436853319886097e+01   6.4872064190021526e+00   3.5000000000000003e-02 -1 1077 #xyz tv3 fid bid
           5.0000000000000000e+01   6.4046532149999882e+00   0.0000000000000000e+00 #xyz tv0
           3.8434711650522502e+01   6.5164402599128941e+00   3.5000000000000003e-02 #xyz tv1
           3.8436853319886097e+01   6.4872064190021526e+00   3.5000000000000003e-02 #xyz tv2
           3.8436853319886097e+01   6.4872064190021526e+00   0.0000000000000000e+00 -1 1077 #xyz tv3 fid bid
           5.0000000000000000e+01   6.4046532149999882e+00   0.0000000000000000e+00 #xyz tv0
           3.8436853319886097e+01   6.4872064190021526e+00   3.5000000000000003e-02 #xyz tv1
           3.8434711650522502e+01   6.5164402599128941e+00   3.5000000000000003e-02 #xyz tv2
           3.7963361726478489e+01   6.8009195676209586e+00   2.3114765624999927e+00 -1 1077 #xyz tv3 fid bid
           3.8434711650522502e+01   6.5164402599128941e+00   3.5000000000000003e-02 #xyz tv0
           3.8436853319886097e+01   6.4872064190021526e+00   3.5000000000000003e-02 #xyz tv1
           3.6351675396564218e+01   7.5767252966901575e+00   3.5000000000000003e-02 1078 -1 #xyz tv2 fid bid
           3.8436853319886097e+01   6.4872064190021526e+00   3.5000000000000003e-02 #xyz tv0
           3.8434711650522502e+01   6.5164402599128941e+00   3.5000000000000003e-02 #xyz tv1
           3.8436853319886097e+01   6.4872064190021526e+00   0.0000000000000000e+00 1113 -1 #xyz tv2 fid bid
           3.8434711650522502e+01   6.5164402599128941e+00   3.5000000000000003e-02 #xyz ev0
           3.8436853319886097e+01   6.4872064190021526e+00   3.5000000000000003e-02 -1 1077 #xyz ev1 fid bid
   0   0.000000000000e+00   0.000000000000e+00   0.000000000000e+00 #flag location
END_ERR 
G3dErrFileVersion 2025R1
FlagFileMetaData Begin
   Mesh Size - Setup1, Refinement, Pass #2, Freq. 9.150000e+08 :Title    
   Listing of mesh elements with poor quality. :ToolTip  
   hf3d :Author   
   1761268031 :TimeStamp
   mm :UnitName 
   1.0000000000000000e-03 :UnitConv
FlagFileMetaData End
BEGIN_ERR 
26 Small mesh segment detected on body : Box8
 Small mesh segment detected on body : Box8 
 Segment Statistics - Number of Segments : 1 --- Segment length(s) : 0.029312mm. The cutoff frequency for S-Matrix Only Solve is 731.201117073171kHz 
3 -1  1078  1113  # nfids, fids[]
2 1077  -1  # nbids, bids[]
      5 2 1 0 #ntets ntri ned npts
           3.6351675396564218e+01   7.5767252966901584e+00   3.5000000000000003e-02 #xyz tv0
           3.8434711650522502e+01   6.5164402599128941e+00   3.5000000000000003e-02 #xyz tv1
           3.8436853319886097e+01   6.4872064190021526e+00   0.0000000000000000e+00 #xyz tv2
           3.8436853319886097e+01   6.4872064190021526e+00   3.5000000000000003e-02 -1 1077 #xyz tv3 fid bid
           3.7963361726478489e+01   6.8009195676209586e+00   2.3114765624999927e+00 #xyz tv0
           3.8434711650522502e+01   6.5164402599128941e+00   3.5000000000000003e-02 #xyz tv1
           3.6351675396564218e+01   7.5767252966901584e+00   3.5000000000000003e-02 #xyz tv2
           3.8436853319886097e+01   6.4872064190021526e+00   3.5000000000000003e-02 -1 1077 #xyz tv3 fid bid
           3.8436853319886097e+01   6.4872064190021526e+00   3.5000000000000003e-02 #xyz tv0
           4.3601457349873733e+01   6.7810890453923580e+00   0.0000000000000000e+00 #xyz tv1
           3.8434711650522502e+01   6.5164402599128941e+00   3.5000000000000003e-02 #xyz tv2
           3.8436853319886097e+01   6.4872064190021526e+00   0.0000000000000000e+00 -1 1077 #xyz tv3 fid bid
           4.2657608729490079e+01   4.1595859903598651e+00   3.3571211879870502e+00 #xyz tv0
           3.8434711650522502e+01   6.5164402599128941e+00   3.5000000000000003e-02 #xyz tv1
           3.7963361726478489e+01   6.8009195676209586e+00   2.3114765624999927e+00 #xyz tv2
           3.8436853319886097e+01   6.4872064190021526e+00   3.5000000000000003e-02 -1 1077 #xyz tv3 fid bid
           3.8436853319886097e+01   6.4872064190021526e+00   3.5000000000000003e-02 #xyz tv0
           3.8434711650522502e+01   6.5164402599128941e+00   3.5000000000000003e-02 #xyz tv1
           4.3601457349873733e+01   6.7810890453923580e+00   0.0000000000000000e+00 #xyz tv2
           4.2657608729490079e+01   4.1595859903598651e+00   3.3571211879870502e+00 -1 1077 #xyz tv3 fid bid
           3.8434711650522502e+01   6.5164402599128941e+00   3.5000000000000003e-02 #xyz tv0
           3.8436853319886097e+01   6.4872064190021526e+00   3.5000000000000003e-02 #xyz tv1
           3.6351675396564218e+01   7.5767252966901584e+00   3.5000000000000003e-02 1078 -1 #xyz tv2 fid bid
           3.8436853319886097e+01   6.4872064190021526e+00   3.5000000000000003e-02 #xyz tv0
           3.8434711650522502e+01   6.5164402599128941e+00   3.5000000000000003e-02 #xyz tv1
           3.8436853319886097e+01   6.4872064190021526e+00   0.0000000000000000e+00 1113 -1 #xyz tv2 fid bid
           3.8434711650522502e+01   6.5164402599128941e+00   3.5000000000000003e-02 #xyz ev0
           3.8436853319886097e+01   6.4872064190021526e+00   3.5000000000000003e-02 -1 1077 #xyz ev1 fid bid
   0   0.000000000000e+00   0.000000000000e+00   0.000000000000e+00 #flag location
END_ERR 
G3dErrFileVersion 2025R1
FlagFileMetaData Begin
   Mesh Size - Setup1, Refinement, Pass #3, Freq. 9.150000e+08 :Title    
   Listing of mesh elements with poor quality. :ToolTip  
   hf3d :Author   
   1761268034 :TimeStamp
   mm :UnitName 
   1.0000000000000000e-03 :UnitConv
FlagFileMetaData End
BEGIN_ERR 
26 Small mesh segment detected on body : Box8
 Small mesh segment detected on body : Box8 
 Segment Statistics - Number of Segments : 1 --- Segment length(s) : 0.029312mm. The cutoff frequency for S-Matrix Only Solve is 731.201117073171kHz 
3 -1  1078  1113  # nfids, fids[]
2 1077  -1  # nbids, bids[]
      5 2 1 0 #ntets ntri ned npts
           3.6351675396564218e+01   7.5767252966901593e+00   3.5000000000000003e-02 #xyz tv0
           3.8434711650522502e+01   6.5164402599128941e+00   3.5000000000000003e-02 #xyz tv1
           3.8436853319886097e+01   6.4872064190021526e+00   0.0000000000000000e+00 #xyz tv2
           3.8436853319886097e+01   6.4872064190021526e+00   3.5000000000000003e-02 -1 1077 #xyz tv3 fid bid
           3.7963361726478489e+01   6.8009195676209586e+00   2.3114765624999927e+00 #xyz tv0
           3.8434711650522502e+01   6.5164402599128941e+00   3.5000000000000003e-02 #xyz tv1
           3.6351675396564218e+01   7.5767252966901593e+00   3.5000000000000003e-02 #xyz tv2
           3.8436853319886097e+01   6.4872064190021526e+00   3.5000000000000003e-02 -1 1077 #xyz tv3 fid bid
           3.8436853319886097e+01   6.4872064190021526e+00   3.5000000000000003e-02 #xyz tv0
           4.3019783836188928e+01   6.2839015115649746e+00   0.0000000000000000e+00 #xyz tv1
           3.8434711650522502e+01   6.5164402599128941e+00   3.5000000000000003e-02 #xyz tv2
           3.8436853319886097e+01   6.4872064190021526e+00   0.0000000000000000e+00 -1 1077 #xyz tv3 fid bid
           4.2138284627369799e+01   4.5612408656264734e+00   3.2590093823463366e+00 #xyz tv0
           3.8434711650522502e+01   6.5164402599128941e+00   3.5000000000000003e-02 #xyz tv1
           3.7963361726478489e+01   6.8009195676209586e+00   2.3114765624999927e+00 #xyz tv2
           3.8436853319886097e+01   6.4872064190021526e+00   3.5000000000000003e-02 -1 1077 #xyz tv3 fid bid
           3.8436853319886097e+01   6.4872064190021526e+00   3.5000000000000003e-02 #xyz tv0
           3.8434711650522502e+01   6.5164402599128941e+00   3.5000000000000003e-02 #xyz tv1
           4.3019783836188928e+01   6.2839015115649746e+00   0.0000000000000000e+00 #xyz tv2
           4.2138284627369799e+01   4.5612408656264734e+00   3.2590093823463366e+00 -1 1077 #xyz tv3 fid bid
           3.8434711650522502e+01   6.5164402599128941e+00   3.5000000000000003e-02 #xyz tv0
           3.8436853319886097e+01   6.4872064190021526e+00   3.5000000000000003e-02 #xyz tv1
           3.6351675396564218e+01   7.5767252966901593e+00   3.5000000000000003e-02 1078 -1 #xyz tv2 fid bid
           3.8436853319886097e+01   6.4872064190021526e+00   3.5000000000000003e-02 #xyz tv0
           3.8434711650522502e+01   6.5164402599128941e+00   3.5000000000000003e-02 #xyz tv1
           3.8436853319886097e+01   6.4872064190021526e+00   0.0000000000000000e+00 1113 -1 #xyz tv2 fid bid
           3.8434711650522502e+01   6.5164402599128941e+00   3.5000000000000003e-02 #xyz ev0
           3.8436853319886097e+01   6.4872064190021526e+00   3.5000000000000003e-02 -1 1077 #xyz ev1 fid bid
   0   0.000000000000e+00   0.000000000000e+00   0.000000000000e+00 #flag location
END_ERR 
G3dErrFileVersion 2025R1
FlagFileMetaData Begin
   Mesh Size - Setup1, Refinement, Pass #4, Freq. 9.150000e+08 :Title    
   Listing of mesh elements with poor quality. :ToolTip  
   hf3d :Author   
   1761268038 :TimeStamp
   mm :UnitName 
   1.0000000000000000e-03 :UnitConv
FlagFileMetaData End
BEGIN_ERR 
26 Small mesh segment detected on body : Box8
 Small mesh segment detected on body : Box8 
 Segment Statistics - Number of Segments : 1 --- Segment length(s) : 0.029312mm. The cutoff frequency for S-Matrix Only Solve is 731.201117073171kHz 
3 -1  1078  1113  # nfids, fids[]
2 1077  -1  # nbids, bids[]
      5 2 1 0 #ntets ntri ned npts
           3.6351675396564218e+01   7.5767252966901601e+00   3.5000000000000003e-02 #xyz tv0
           3.8434711650522502e+01   6.5164402599128941e+00   3.5000000000000003e-02 #xyz tv1
           3.8436853319886097e+01   6.4872064190021526e+00   0.0000000000000000e+00 #xyz tv2
           3.8436853319886097e+01   6.4872064190021526e+00   3.5000000000000003e-02 -1 1077 #xyz tv3 fid bid
           3.7813632457871272e+01   7.2205082574203301e+00   1.9023834342754573e+00 #xyz tv0
           3.8434711650522502e+01   6.5164402599128941e+00   3.5000000000000003e-02 #xyz tv1
           3.6351675396564218e+01   7.5767252966901601e+00   3.5000000000000003e-02 #xyz tv2
           3.8436853319886097e+01   6.4872064190021526e+00   3.5000000000000003e-02 -1 1077 #xyz tv3 fid bid
           3.8436853319886097e+01   6.4872064190021526e+00   3.5000000000000003e-02 #xyz tv0
           4.0637457771844453e+01   7.6258062649217546e+00   0.0000000000000000e+00 #xyz tv1
           3.8434711650522502e+01   6.5164402599128941e+00   3.5000000000000003e-02 #xyz tv2
           3.8436853319886097e+01   6.4872064190021526e+00   0.0000000000000000e+00 -1 1077 #xyz tv3 fid bid
           3.7813632457871272e+01   7.2205082574203301e+00   1.9023834342754573e+00 #xyz tv0
           3.8436853319886097e+01   6.4872064190021526e+00   3.5000000000000003e-02 #xyz tv1
           4.0201173121448292e+01   6.7035292068868495e+00   1.6470046911731684e+00 #xyz tv2
           3.8434711650522502e+01   6.5164402599128941e+00   3.5000000000000003e-02 -1 1077 #xyz tv3 fid bid
           3.8436853319886097e+01   6.4872064190021526e+00   3.5000000000000003e-02 #xyz tv0
           3.8434711650522502e+01   6.5164402599128941e+00   3.5000000000000003e-02 #xyz tv1
           4.0637457771844453e+01   7.6258062649217546e+00   0.0000000000000000e+00 #xyz tv2
           4.0201173121448292e+01   6.7035292068868495e+00   1.6470046911731684e+00 -1 1077 #xyz tv3 fid bid
           3.8434711650522502e+01   6.5164402599128941e+00   3.5000000000000003e-02 #xyz tv0
           3.8436853319886097e+01   6.4872064190021526e+00   3.5000000000000003e-02 #xyz tv1
           3.6351675396564218e+01   7.5767252966901601e+00   3.5000000000000003e-02 1078 -1 #xyz tv2 fid bid
           3.8436853319886097e+01   6.4872064190021526e+00   3.5000000000000003e-02 #xyz tv0
           3.8434711650522502e+01   6.5164402599128941e+00   3.5000000000000003e-02 #xyz tv1
           3.8436853319886097e+01   6.4872064190021526e+00   0.0000000000000000e+00 1113 -1 #xyz tv2 fid bid
           3.8434711650522502e+01   6.5164402599128941e+00   3.5000000000000003e-02 #xyz ev0
           3.8436853319886097e+01   6.4872064190021526e+00   3.5000000000000003e-02 -1 1077 #xyz ev1 fid bid
   0   0.000000000000e+00   0.000000000000e+00   0.000000000000e+00 #flag location
END_ERR 
