G3dErrFileVersion 2025R1
FlagFileMetaData Begin
   Mesh Size - Setup1, Refinement, Pass #1, Freq. 9.150000e+08 :Title    
   Listing of mesh elements with poor quality. :ToolTip  
   hf3d :Author   
   1761267758 :TimeStamp
   mm :UnitName 
   1.0000000000000000e-03 :UnitConv
FlagFileMetaData End
BEGIN_ERR 
26 Small mesh segment detected on body : Box8
 Small mesh segment detected on body : Box8 
 Segment Statistics - Number of Segments : 1 --- Segment length(s) : 0.022763mm. The cutoff frequency for S-Matrix Only Solve is 731.201117073171kHz 
3 -1  1078  1115  # nfids, fids[]
2 1077  -1  # nbids, bids[]
      4 2 1 0 #ntets ntri ned npts
           3.8763836598725277e+01  -1.0523057319312660e+01   0.0000000000000000e+00 #xyz tv0
           3.9676875000000010e+01  -1.1049409284999985e+01   3.5000000000000003e-02 #xyz tv1
           3.8766734231035969e+01  -1.0562610073462954e+01   3.5000000000000003e-02 #xyz tv2
           3.8765071108597404e+01  -1.0539908410215094e+01   3.5000000000000003e-02 -1 1077 #xyz tv3 fid bid
           3.9676875000000010e+01  -1.1049409284999985e+01   3.5000000000000003e-02 #xyz tv0
           3.8543796520285120e+01  -1.1377056351887216e+01   1.1735074651041546e+00 #xyz tv1
           3.8766734231035969e+01  -1.0562610073462954e+01   3.5000000000000003e-02 #xyz tv2
           3.8765071108597404e+01  -1.0539908410215094e+01   3.5000000000000003e-02 -1 1077 #xyz tv3 fid bid
           3.7309999999999988e+01  -1.2250346785000005e+01   0.0000000000000000e+00 #xyz tv0
           3.8766734231035969e+01  -1.0562610073462954e+01   3.5000000000000003e-02 #xyz tv1
           3.8765071108597404e+01  -1.0539908410215094e+01   3.5000000000000003e-02 #xyz tv2
           3.8763836598725277e+01  -1.0523057319312660e+01   0.0000000000000000e+00 -1 1077 #xyz tv3 fid bid
           3.7309999999999988e+01  -1.2250346785000005e+01   0.0000000000000000e+00 #xyz tv0
           3.8765071108597404e+01  -1.0539908410215094e+01   3.5000000000000003e-02 #xyz tv1
           3.8766734231035969e+01  -1.0562610073462954e+01   3.5000000000000003e-02 #xyz tv2
           3.8543796520285120e+01  -1.1377056351887216e+01   1.1735074651041546e+00 -1 1077 #xyz tv3 fid bid
           3.8765071108597404e+01  -1.0539908410215094e+01   3.5000000000000003e-02 #xyz tv0
           3.9676875000000010e+01  -1.1049409284999985e+01   3.5000000000000003e-02 #xyz tv1
           3.8766734231035969e+01  -1.0562610073462954e+01   3.5000000000000003e-02 1078 -1 #xyz tv2 fid bid
           3.8765071108597404e+01  -1.0539908410215094e+01   3.5000000000000003e-02 #xyz tv0
           3.8766734231035969e+01  -1.0562610073462954e+01   3.5000000000000003e-02 #xyz tv1
           3.8763836598725277e+01  -1.0523057319312660e+01   0.0000000000000000e+00 1115 -1 #xyz tv2 fid bid
           3.8766734231035969e+01  -1.0562610073462954e+01   3.5000000000000003e-02 #xyz ev0
           3.8765071108597404e+01  -1.0539908410215094e+01   3.5000000000000003e-02 -1 1077 #xyz ev1 fid bid
   0   0.000000000000e+00   0.000000000000e+00   0.000000000000e+00 #flag location
END_ERR 
G3dErrFileVersion 2025R1
FlagFileMetaData Begin
   Mesh Size - Setup1, Refinement, Pass #2, Freq. 9.150000e+08 :Title    
   Listing of mesh elements with poor quality. :ToolTip  
   hf3d :Author   
   1761267761 :TimeStamp
   mm :UnitName 
   1.0000000000000000e-03 :UnitConv
FlagFileMetaData End
BEGIN_ERR 
26 Small mesh segment detected on body : Box8
 Small mesh segment detected on body : Box8 
 Segment Statistics - Number of Segments : 1 --- Segment length(s) : 0.031721mm. The cutoff frequency for S-Matrix Only Solve is 731.201117073171kHz 
3 -1  1078  1115  # nfids, fids[]
2 1077  -1  # nbids, bids[]
      4 2 1 0 #ntets ntri ned npts
           3.7865056513677210e+01   1.7453135184607271e+00   3.5000000000000003e-02 #xyz tv0
           3.9869517682956690e+01   1.7575803037212248e+00   3.5000000000000003e-02 #xyz tv1
           3.7862738869476303e+01   1.7769494202790157e+00   3.5000000000000003e-02 #xyz tv2
           3.9869517682956690e+01   1.7575803037212248e+00   0.0000000000000000e+00 -1 1077 #xyz tv3 fid bid
           3.9869517682956690e+01   1.7575803037212248e+00   0.0000000000000000e+00 #xyz tv0
           3.7862738869476303e+01   1.7769494202790157e+00   3.5000000000000003e-02 #xyz tv1
           3.7865056513677210e+01   1.7453135184607271e+00   3.5000000000000003e-02 #xyz tv2
           3.7862414791830943e+01   1.7813730883147860e+00   0.0000000000000000e+00 -1 1077 #xyz tv3 fid bid
           3.7865056513677210e+01   1.7453135184607271e+00   3.5000000000000003e-02 #xyz tv0
           3.7862738869476303e+01   1.7769494202790157e+00   3.5000000000000003e-02 #xyz tv1
           3.9869517682956690e+01   1.7575803037212248e+00   3.5000000000000003e-02 #xyz tv2
           3.5047650227857233e+01  -3.8054061478238761e-02   2.6589561072105932e+00 -1 1077 #xyz tv3 fid bid
           3.7862414791830943e+01   1.7813730883147860e+00   0.0000000000000000e+00 #xyz tv0
           3.7865056513677210e+01   1.7453135184607271e+00   3.5000000000000003e-02 #xyz tv1
           3.5047650227857233e+01  -3.8054061478238761e-02   2.6589561072105932e+00 #xyz tv2
           3.7862738869476303e+01   1.7769494202790157e+00   3.5000000000000003e-02 -1 1077 #xyz tv3 fid bid
           3.7865056513677210e+01   1.7453135184607271e+00   3.5000000000000003e-02 #xyz tv0
           3.7862738869476303e+01   1.7769494202790157e+00   3.5000000000000003e-02 #xyz tv1
           3.9869517682956690e+01   1.7575803037212248e+00   3.5000000000000003e-02 1078 -1 #xyz tv2 fid bid
           3.7865056513677210e+01   1.7453135184607271e+00   3.5000000000000003e-02 #xyz tv0
           3.7862414791830943e+01   1.7813730883147860e+00   0.0000000000000000e+00 #xyz tv1
           3.7862738869476303e+01   1.7769494202790157e+00   3.5000000000000003e-02 1115 -1 #xyz tv2 fid bid
           3.7865056513677210e+01   1.7453135184607271e+00   3.5000000000000003e-02 #xyz ev0
           3.7862738869476303e+01   1.7769494202790157e+00   3.5000000000000003e-02 -1 1077 #xyz ev1 fid bid
   0   0.000000000000e+00   0.000000000000e+00   0.000000000000e+00 #flag location
END_ERR 
G3dErrFileVersion 2025R1
FlagFileMetaData Begin
   Mesh Size - Setup1, Refinement, Pass #3, Freq. 9.150000e+08 :Title    
   Listing of mesh elements with poor quality. :ToolTip  
   hf3d :Author   
   1761267764 :TimeStamp
   mm :UnitName 
   1.0000000000000000e-03 :UnitConv
FlagFileMetaData End
BEGIN_ERR 
26 Small mesh segment detected on body : Box8
 Small mesh segment detected on body : Box8 
 Segment Statistics - Number of Segments : 1 --- Segment length(s) : 0.031721mm. The cutoff frequency for S-Matrix Only Solve is 731.201117073171kHz 
3 -1  1078  1115  # nfids, fids[]
2 1077  -1  # nbids, bids[]
      5 2 1 0 #ntets ntri ned npts
           3.7865056513677210e+01   1.7453135184607271e+00   3.5000000000000003e-02 #xyz tv0
           3.9869519397332255e+01   1.7575569024514073e+00   3.5000000000000003e-02 #xyz tv1
           3.7862738869476303e+01   1.7769494202790157e+00   3.5000000000000003e-02 #xyz tv2
           3.9869517682956690e+01   1.7575803037212248e+00   0.0000000000000000e+00 -1 1077 #xyz tv3 fid bid
           3.9869517682956690e+01   1.7575803037212248e+00   0.0000000000000000e+00 #xyz tv0
           3.7862738869476303e+01   1.7769494202790157e+00   3.5000000000000003e-02 #xyz tv1
           3.7865056513677210e+01   1.7453135184607271e+00   3.5000000000000003e-02 #xyz tv2
           3.7862414791830943e+01   1.7813730883147860e+00   0.0000000000000000e+00 -1 1077 #xyz tv3 fid bid
           3.7865056513677210e+01   1.7453135184607271e+00   3.5000000000000003e-02 #xyz tv0
           3.8203002195640060e+01   4.9200022416826110e+00   5.1019685539486881e+00 #xyz tv1
           3.7862738869476303e+01   1.7769494202790157e+00   3.5000000000000003e-02 #xyz tv2
           3.9869519397332255e+01   1.7575569024514073e+00   3.5000000000000003e-02 -1 1077 #xyz tv3 fid bid
           3.7862414791830943e+01   1.7813730883147860e+00   0.0000000000000000e+00 #xyz tv0
           3.7865056513677210e+01   1.7453135184607271e+00   3.5000000000000003e-02 #xyz tv1
           3.5047650227857233e+01  -3.8054061478238768e-02   2.6589561072105932e+00 #xyz tv2
           3.7862738869476303e+01   1.7769494202790157e+00   3.5000000000000003e-02 -1 1077 #xyz tv3 fid bid
           3.7865056513677210e+01   1.7453135184607271e+00   3.5000000000000003e-02 #xyz tv0
           3.8203002195640060e+01   4.9200022416826110e+00   5.1019685539486881e+00 #xyz tv1
           3.5047650227857233e+01  -3.8054061478238768e-02   2.6589561072105932e+00 #xyz tv2
           3.7862738869476303e+01   1.7769494202790157e+00   3.5000000000000003e-02 -1 1077 #xyz tv3 fid bid
           3.7865056513677210e+01   1.7453135184607271e+00   3.5000000000000003e-02 #xyz tv0
           3.7862738869476303e+01   1.7769494202790157e+00   3.5000000000000003e-02 #xyz tv1
           3.9869519397332255e+01   1.7575569024514073e+00   3.5000000000000003e-02 1078 -1 #xyz tv2 fid bid
           3.7865056513677210e+01   1.7453135184607271e+00   3.5000000000000003e-02 #xyz tv0
           3.7862414791830943e+01   1.7813730883147860e+00   0.0000000000000000e+00 #xyz tv1
           3.7862738869476303e+01   1.7769494202790157e+00   3.5000000000000003e-02 1115 -1 #xyz tv2 fid bid
           3.7865056513677210e+01   1.7453135184607271e+00   3.5000000000000003e-02 #xyz ev0
           3.7862738869476303e+01   1.7769494202790157e+00   3.5000000000000003e-02 -1 1077 #xyz ev1 fid bid
   0   0.000000000000e+00   0.000000000000e+00   0.000000000000e+00 #flag location
END_ERR 
G3dErrFileVersion 2025R1
FlagFileMetaData Begin
   Mesh Size - Setup1, Refinement, Pass #4, Freq. 9.150000e+08 :Title    
   Listing of mesh elements with poor quality. :ToolTip  
   hf3d :Author   
   1761267767 :TimeStamp
   mm :UnitName 
   1.0000000000000000e-03 :UnitConv
FlagFileMetaData End
BEGIN_ERR 
26 Small mesh segment detected on body : Box8
 Small mesh segment detected on body : Box8 
 Segment Statistics - Number of Segments : 1 --- Segment length(s) : 0.034270mm. The cutoff frequency for S-Matrix Only Solve is 731.201117073171kHz 
3 -1  1078  1115  # nfids, fids[]
2 1077  -1  # nbids, bids[]
      6 2 1 0 #ntets ntri ned npts
           3.7865056513677210e+01   1.7453135184607271e+00   3.5000000000000003e-02 #xyz tv0
           3.9869519397332255e+01   1.7575569024514075e+00   3.5000000000000003e-02 #xyz tv1
           3.7862552641465655e+01   1.7794914373230868e+00   3.5000000000000003e-02 #xyz tv2
           3.9869517682956690e+01   1.7575803037212248e+00   0.0000000000000000e+00 -1 1077 #xyz tv3 fid bid
           3.9869517682956690e+01   1.7575803037212248e+00   0.0000000000000000e+00 #xyz tv0
           3.7862552641465655e+01   1.7794914373230868e+00   3.5000000000000003e-02 #xyz tv1
           3.7865056513677210e+01   1.7453135184607271e+00   3.5000000000000003e-02 #xyz tv2
           3.7862414791830943e+01   1.7813730883147860e+00   0.0000000000000000e+00 -1 1077 #xyz tv3 fid bid
           3.7865056513677210e+01   1.7453135184607271e+00   3.5000000000000003e-02 #xyz tv0
           3.8319089886957130e+01   4.1136930524009081e+00   3.2729110113292523e+00 #xyz tv1
           3.7862552641465655e+01   1.7794914373230868e+00   3.5000000000000003e-02 #xyz tv2
           3.9869519397332255e+01   1.7575569024514075e+00   3.5000000000000003e-02 -1 1077 #xyz tv3 fid bid
           3.7862552641465655e+01   1.7794914373230868e+00   3.5000000000000003e-02 #xyz tv0
           3.4101618523290526e+01   2.2735508629349259e+00   0.0000000000000000e+00 #xyz tv1
           3.7865056513677210e+01   1.7453135184607271e+00   3.5000000000000003e-02 #xyz tv2
           3.7862414791830943e+01   1.7813730883147860e+00   0.0000000000000000e+00 -1 1077 #xyz tv3 fid bid
           3.7862552641465655e+01   1.7794914373230868e+00   3.5000000000000003e-02 #xyz tv0
           3.7865056513677210e+01   1.7453135184607271e+00   3.5000000000000003e-02 #xyz tv1
           3.4101618523290526e+01   2.2735508629349259e+00   0.0000000000000000e+00 #xyz tv2
           3.4013328586552753e+01   9.2270867432013004e-01   3.0431524851023246e+00 -1 1077 #xyz tv3 fid bid
           3.7865056513677210e+01   1.7453135184607271e+00   3.5000000000000003e-02 #xyz tv0
           3.8319089886957130e+01   4.1136930524009081e+00   3.2729110113292523e+00 #xyz tv1
           3.4013328586552753e+01   9.2270867432013004e-01   3.0431524851023246e+00 #xyz tv2
           3.7862552641465655e+01   1.7794914373230868e+00   3.5000000000000003e-02 -1 1077 #xyz tv3 fid bid
           3.7865056513677210e+01   1.7453135184607271e+00   3.5000000000000003e-02 #xyz tv0
           3.7862552641465655e+01   1.7794914373230868e+00   3.5000000000000003e-02 #xyz tv1
           3.9869519397332255e+01   1.7575569024514075e+00   3.5000000000000003e-02 1078 -1 #xyz tv2 fid bid
           3.7865056513677210e+01   1.7453135184607271e+00   3.5000000000000003e-02 #xyz tv0
           3.7862414791830943e+01   1.7813730883147860e+00   0.0000000000000000e+00 #xyz tv1
           3.7862552641465655e+01   1.7794914373230868e+00   3.5000000000000003e-02 1115 -1 #xyz tv2 fid bid
           3.7865056513677210e+01   1.7453135184607271e+00   3.5000000000000003e-02 #xyz ev0
           3.7862552641465655e+01   1.7794914373230868e+00   3.5000000000000003e-02 -1 1077 #xyz ev1 fid bid
   0   0.000000000000e+00   0.000000000000e+00   0.000000000000e+00 #flag location
END_ERR 
