G3dErrFileVersion 2025R1
FlagFileMetaData Begin
   Mesh Size - Setup1, Refinement, Pass #1, Freq. 9.150000e+08 :Title    
   Listing of mesh elements with poor quality. :ToolTip  
   hf3d :Author   
   1761268518 :TimeStamp
   mm :UnitName 
   1.0000000000000000e-03 :UnitConv
FlagFileMetaData End
BEGIN_ERR 
26 Small mesh segment detected on body : Cylinder1
 Small mesh segment detected on body : Cylinder1 
 Segment Statistics - Number of Segments : 1 --- Segment length(s) : 0.035000mm. The cutoff frequency for S-Matrix Only Solve is 731.201117073171kHz 
2 -1  1082  # nfids, fids[]
2 98  -1  # nbids, bids[]
      5 2 1 0 #ntets ntri ned npts
           5.8399437719434877e-01   2.3209251089406173e+00   3.5000000000000003e-02 #xyz tv0
           5.8399437719435299e-01   2.3209251089406138e+00   0.0000000000000000e+00 #xyz tv1
           2.6868656220041185e+00   3.0528108513891881e+00   0.0000000000000000e+00 #xyz tv2
           0.0000000000000000e+00   4.0727782149999889e+00   0.0000000000000000e+00 -1 98 #xyz tv3 fid bid
           5.8399437719434877e-01   2.3209251089406173e+00   3.5000000000000003e-02 #xyz tv0
           5.8399437719435299e-01   2.3209251089406138e+00   0.0000000000000000e+00 #xyz tv1
           2.6203687646075009e+00   9.1199617847055825e-01   3.5000000000000003e-02 #xyz tv2
           2.6868656220041185e+00   3.0528108513891881e+00   0.0000000000000000e+00 -1 98 #xyz tv3 fid bid
           5.8399437719434877e-01   2.3209251089406173e+00   3.5000000000000003e-02 #xyz tv0
           0.0000000000000000e+00   4.0727782149999889e+00   0.0000000000000000e+00 #xyz tv1
          -2.1968905393163598e+00   1.3530627032855334e+00   3.5000000000000003e-02 #xyz tv2
           5.8399437719435299e-01   2.3209251089406138e+00   0.0000000000000000e+00 -1 98 #xyz tv3 fid bid
           5.8399437719434877e-01   2.3209251089406173e+00   3.5000000000000003e-02 #xyz tv0
           2.6203687646075009e+00   9.1199617847055825e-01   3.5000000000000003e-02 #xyz tv1
           5.8399437719435299e-01   2.3209251089406138e+00   0.0000000000000000e+00 #xyz tv2
          -1.8345956181502227e-01  -6.3851478209400486e-02   3.5000000000000003e-02 -1 98 #xyz tv3 fid bid
          -1.8345956181502227e-01  -6.3851478209400486e-02   3.5000000000000003e-02 #xyz tv0
           5.8399437719434877e-01   2.3209251089406173e+00   3.5000000000000003e-02 #xyz tv1
          -2.1968905393163598e+00   1.3530627032855334e+00   3.5000000000000003e-02 #xyz tv2
           5.8399437719435299e-01   2.3209251089406138e+00   0.0000000000000000e+00 -1 98 #xyz tv3 fid bid
          -2.1968905393163598e+00   1.3530627032855334e+00   3.5000000000000003e-02 #xyz tv0
           5.8399437719435299e-01   2.3209251089406138e+00   0.0000000000000000e+00 #xyz tv1
           5.8399437719434877e-01   2.3209251089406173e+00   3.5000000000000003e-02 1082 -1 #xyz tv2 fid bid
           5.8399437719434877e-01   2.3209251089406173e+00   3.5000000000000003e-02 #xyz tv0
           5.8399437719435299e-01   2.3209251089406138e+00   0.0000000000000000e+00 #xyz tv1
           2.6868656220041185e+00   3.0528108513891881e+00   0.0000000000000000e+00 1082 -1 #xyz tv2 fid bid
           5.8399437719435299e-01   2.3209251089406138e+00   0.0000000000000000e+00 #xyz ev0
           5.8399437719434877e-01   2.3209251089406173e+00   3.5000000000000003e-02 -1 98 #xyz ev1 fid bid
   0   0.000000000000e+00   0.000000000000e+00   0.000000000000e+00 #flag location
END_ERR 
G3dErrFileVersion 2025R1
FlagFileMetaData Begin
   Mesh Size - Setup1, Refinement, Pass #2, Freq. 9.150000e+08 :Title    
   Listing of mesh elements with poor quality. :ToolTip  
   hf3d :Author   
   1761268521 :TimeStamp
   mm :UnitName 
   1.0000000000000000e-03 :UnitConv
FlagFileMetaData End
BEGIN_ERR 
26 Small mesh segment detected on body : Cylinder1
 Small mesh segment detected on body : Cylinder1 
 Segment Statistics - Number of Segments : 1 --- Segment length(s) : 0.035000mm. The cutoff frequency for S-Matrix Only Solve is 731.201117073171kHz 
2 -1  1082  # nfids, fids[]
2 98  -1  # nbids, bids[]
      5 2 1 0 #ntets ntri ned npts
           5.8399437719434877e-01   2.3209251089406173e+00   3.5000000000000003e-02 #xyz tv0
           5.8399437719435299e-01   2.3209251089406138e+00   0.0000000000000000e+00 #xyz tv1
           2.7488354855122807e+00   3.0743789144244551e+00   0.0000000000000000e+00 #xyz tv2
          -8.8155832927306554e-01   4.0679422693170393e+00   0.0000000000000000e+00 -1 98 #xyz tv3 fid bid
           5.8399437719434877e-01   2.3209251089406173e+00   3.5000000000000003e-02 #xyz tv0
           5.8399437719435299e-01   2.3209251089406138e+00   0.0000000000000000e+00 #xyz tv1
           2.6203687646075009e+00   9.1199617847055836e-01   3.5000000000000003e-02 #xyz tv2
           2.7488354855122807e+00   3.0743789144244551e+00   0.0000000000000000e+00 -1 98 #xyz tv3 fid bid
           5.8399437719434877e-01   2.3209251089406173e+00   3.5000000000000003e-02 #xyz tv0
           2.6203687646075009e+00   9.1199617847055836e-01   3.5000000000000003e-02 #xyz tv1
           5.8399437719435299e-01   2.3209251089406138e+00   0.0000000000000000e+00 #xyz tv2
          -1.8345956181502227e-01  -6.3851478209400486e-02   3.5000000000000003e-02 -1 98 #xyz tv3 fid bid
          -1.8345956181502227e-01  -6.3851478209400486e-02   3.5000000000000003e-02 #xyz tv0
           5.8399437719434877e-01   2.3209251089406173e+00   3.5000000000000003e-02 #xyz tv1
          -2.1968905393163598e+00   1.3530627032855336e+00   3.5000000000000003e-02 #xyz tv2
           5.8399437719435299e-01   2.3209251089406138e+00   0.0000000000000000e+00 -1 98 #xyz tv3 fid bid
           5.8399437719434877e-01   2.3209251089406173e+00   3.5000000000000003e-02 #xyz tv0
          -8.8155832927306554e-01   4.0679422693170393e+00   0.0000000000000000e+00 #xyz tv1
          -2.1968905393163598e+00   1.3530627032855336e+00   3.5000000000000003e-02 #xyz tv2
           5.8399437719435299e-01   2.3209251089406138e+00   0.0000000000000000e+00 -1 98 #xyz tv3 fid bid
          -2.1968905393163598e+00   1.3530627032855336e+00   3.5000000000000003e-02 #xyz tv0
           5.8399437719435299e-01   2.3209251089406138e+00   0.0000000000000000e+00 #xyz tv1
           5.8399437719434877e-01   2.3209251089406173e+00   3.5000000000000003e-02 1082 -1 #xyz tv2 fid bid
           5.8399437719434877e-01   2.3209251089406173e+00   3.5000000000000003e-02 #xyz tv0
           5.8399437719435299e-01   2.3209251089406138e+00   0.0000000000000000e+00 #xyz tv1
           2.7488354855122807e+00   3.0743789144244551e+00   0.0000000000000000e+00 1082 -1 #xyz tv2 fid bid
           5.8399437719435299e-01   2.3209251089406138e+00   0.0000000000000000e+00 #xyz ev0
           5.8399437719434877e-01   2.3209251089406173e+00   3.5000000000000003e-02 -1 98 #xyz ev1 fid bid
   0   0.000000000000e+00   0.000000000000e+00   0.000000000000e+00 #flag location
END_ERR 
G3dErrFileVersion 2025R1
FlagFileMetaData Begin
   Mesh Size - Setup1, Refinement, Pass #3, Freq. 9.150000e+08 :Title    
   Listing of mesh elements with poor quality. :ToolTip  
   hf3d :Author   
   1761268524 :TimeStamp
   mm :UnitName 
   1.0000000000000000e-03 :UnitConv
FlagFileMetaData End
BEGIN_ERR 
26 Small mesh segment detected on body : Cylinder1
 Small mesh segment detected on body : Cylinder1 
 Segment Statistics - Number of Segments : 1 --- Segment length(s) : 0.035000mm. The cutoff frequency for S-Matrix Only Solve is 731.201117073171kHz 
2 -1  1082  # nfids, fids[]
2 98  -1  # nbids, bids[]
      5 2 1 0 #ntets ntri ned npts
           5.8399437719434877e-01   2.3209251089406173e+00   3.5000000000000003e-02 #xyz tv0
           5.8399437719435299e-01   2.3209251089406138e+00   0.0000000000000000e+00 #xyz tv1
           2.8402426739323978e+00   3.1061923781004235e+00   0.0000000000000000e+00 #xyz tv2
          -6.2977438138538933e-01   4.3450491086771192e+00   0.0000000000000000e+00 -1 98 #xyz tv3 fid bid
           5.8399437719434877e-01   2.3209251089406173e+00   3.5000000000000003e-02 #xyz tv0
          -6.2977438138538933e-01   4.3450491086771192e+00   0.0000000000000000e+00 #xyz tv1
          -2.1968905393163598e+00   1.3530627032855338e+00   3.5000000000000003e-02 #xyz tv2
           5.8399437719435299e-01   2.3209251089406138e+00   0.0000000000000000e+00 -1 98 #xyz tv3 fid bid
          -1.8345956181502227e-01  -6.3851478209400486e-02   3.5000000000000003e-02 #xyz tv0
           5.8399437719434877e-01   2.3209251089406173e+00   3.5000000000000003e-02 #xyz tv1
          -2.1968905393163598e+00   1.3530627032855338e+00   3.5000000000000003e-02 #xyz tv2
           5.8399437719435299e-01   2.3209251089406138e+00   0.0000000000000000e+00 -1 98 #xyz tv3 fid bid
           5.8399437719434877e-01   2.3209251089406173e+00   3.5000000000000003e-02 #xyz tv0
           5.8399437719435299e-01   2.3209251089406138e+00   0.0000000000000000e+00 #xyz tv1
           2.6203687646075009e+00   9.1199617847055836e-01   3.5000000000000003e-02 #xyz tv2
           2.8402426739323978e+00   3.1061923781004235e+00   0.0000000000000000e+00 -1 98 #xyz tv3 fid bid
           5.8399437719434877e-01   2.3209251089406173e+00   3.5000000000000003e-02 #xyz tv0
           2.6203687646075009e+00   9.1199617847055836e-01   3.5000000000000003e-02 #xyz tv1
           5.8399437719435299e-01   2.3209251089406138e+00   0.0000000000000000e+00 #xyz tv2
          -1.8345956181502227e-01  -6.3851478209400486e-02   3.5000000000000003e-02 -1 98 #xyz tv3 fid bid
          -2.1968905393163598e+00   1.3530627032855338e+00   3.5000000000000003e-02 #xyz tv0
           5.8399437719435299e-01   2.3209251089406138e+00   0.0000000000000000e+00 #xyz tv1
           5.8399437719434877e-01   2.3209251089406173e+00   3.5000000000000003e-02 1082 -1 #xyz tv2 fid bid
           5.8399437719434877e-01   2.3209251089406173e+00   3.5000000000000003e-02 #xyz tv0
           5.8399437719435299e-01   2.3209251089406138e+00   0.0000000000000000e+00 #xyz tv1
           2.8402426739323978e+00   3.1061923781004235e+00   0.0000000000000000e+00 1082 -1 #xyz tv2 fid bid
           5.8399437719435299e-01   2.3209251089406138e+00   0.0000000000000000e+00 #xyz ev0
           5.8399437719434877e-01   2.3209251089406173e+00   3.5000000000000003e-02 -1 98 #xyz ev1 fid bid
   0   0.000000000000e+00   0.000000000000e+00   0.000000000000e+00 #flag location
END_ERR 
G3dErrFileVersion 2025R1
FlagFileMetaData Begin
   Mesh Size - Setup1, Refinement, Pass #4, Freq. 9.150000e+08 :Title    
   Listing of mesh elements with poor quality. :ToolTip  
   hf3d :Author   
   1761268527 :TimeStamp
   mm :UnitName 
   1.0000000000000000e-03 :UnitConv
FlagFileMetaData End
BEGIN_ERR 
26 Small mesh segment detected on body : Cylinder1
 Small mesh segment detected on body : Cylinder1 
 Segment Statistics - Number of Segments : 1 --- Segment length(s) : 0.035000mm. The cutoff frequency for S-Matrix Only Solve is 731.201117073171kHz 
2 -1  1082  # nfids, fids[]
2 98  -1  # nbids, bids[]
      5 2 1 0 #ntets ntri ned npts
           2.7583321950085273e+00   3.0776841601914717e+00   3.5000000000000003e-02 #xyz tv0
           5.8399437719435299e-01   2.3209251089406138e+00   0.0000000000000000e+00 #xyz tv1
          -1.2276661493245755e-01   4.7291275127895878e+00   0.0000000000000000e+00 #xyz tv2
           5.8399437719434877e-01   2.3209251089406173e+00   3.5000000000000003e-02 -1 98 #xyz tv3 fid bid
           5.8399437719434877e-01   2.3209251089406173e+00   3.5000000000000003e-02 #xyz tv0
          -1.2276661493245755e-01   4.7291275127895878e+00   0.0000000000000000e+00 #xyz tv1
          -2.1968905393163598e+00   1.3530627032855338e+00   3.5000000000000003e-02 #xyz tv2
           5.8399437719435299e-01   2.3209251089406138e+00   0.0000000000000000e+00 -1 98 #xyz tv3 fid bid
           2.6203687646075036e+00   9.1199617847056080e-01   0.0000000000000000e+00 #xyz tv0
           2.7583321950085273e+00   3.0776841601914717e+00   3.5000000000000003e-02 #xyz tv1
           5.8399437719434877e-01   2.3209251089406173e+00   3.5000000000000003e-02 #xyz tv2
           5.8399437719435299e-01   2.3209251089406138e+00   0.0000000000000000e+00 -1 98 #xyz tv3 fid bid
          -1.8345956181502227e-01  -6.3851478209400486e-02   3.5000000000000003e-02 #xyz tv0
           5.8399437719434877e-01   2.3209251089406173e+00   3.5000000000000003e-02 #xyz tv1
          -2.1968905393163598e+00   1.3530627032855338e+00   3.5000000000000003e-02 #xyz tv2
           5.8399437719435299e-01   2.3209251089406138e+00   0.0000000000000000e+00 -1 98 #xyz tv3 fid bid
          -1.8345956181502227e-01  -6.3851478209400486e-02   3.5000000000000003e-02 #xyz tv0
           2.6203687646075036e+00   9.1199617847056080e-01   0.0000000000000000e+00 #xyz tv1
           5.8399437719434877e-01   2.3209251089406173e+00   3.5000000000000003e-02 #xyz tv2
           5.8399437719435299e-01   2.3209251089406138e+00   0.0000000000000000e+00 -1 98 #xyz tv3 fid bid
          -2.1968905393163598e+00   1.3530627032855338e+00   3.5000000000000003e-02 #xyz tv0
           5.8399437719435299e-01   2.3209251089406138e+00   0.0000000000000000e+00 #xyz tv1
           5.8399437719434877e-01   2.3209251089406173e+00   3.5000000000000003e-02 1082 -1 #xyz tv2 fid bid
           5.8399437719435299e-01   2.3209251089406138e+00   0.0000000000000000e+00 #xyz tv0
           2.7583321950085273e+00   3.0776841601914717e+00   3.5000000000000003e-02 #xyz tv1
           5.8399437719434877e-01   2.3209251089406173e+00   3.5000000000000003e-02 1082 -1 #xyz tv2 fid bid
           5.8399437719435299e-01   2.3209251089406138e+00   0.0000000000000000e+00 #xyz ev0
           5.8399437719434877e-01   2.3209251089406173e+00   3.5000000000000003e-02 -1 98 #xyz ev1 fid bid
   0   0.000000000000e+00   0.000000000000e+00   0.000000000000e+00 #flag location
END_ERR 
G3dErrFileVersion 2025R1
FlagFileMetaData Begin
   Mesh Size - Setup1, Refinement, Pass #5, Freq. 9.150000e+08 :Title    
   Listing of mesh elements with poor quality. :ToolTip  
   hf3d :Author   
   1761268530 :TimeStamp
   mm :UnitName 
   1.0000000000000000e-03 :UnitConv
FlagFileMetaData End
BEGIN_ERR 
26 Small mesh segment detected on body : Cylinder1
 Small mesh segment detected on body : Cylinder1 
 Segment Statistics - Number of Segments : 1 --- Segment length(s) : 0.035000mm. The cutoff frequency for S-Matrix Only Solve is 731.201117073171kHz 
2 -1  1082  # nfids, fids[]
2 98  -1  # nbids, bids[]
      6 2 1 0 #ntets ntri ned npts
           5.8399437719434877e-01   2.3209251089406173e+00   3.5000000000000003e-02 #xyz tv0
           5.8399437719435299e-01   2.3209251089406138e+00   0.0000000000000000e+00 #xyz tv1
           1.9595406791239989e+00   5.4598786031242756e+00   0.0000000000000000e+00 #xyz tv2
          -1.2276661493245755e-01   4.7291275127895886e+00   0.0000000000000000e+00 -1 98 #xyz tv3 fid bid
           5.8399437719434877e-01   2.3209251089406173e+00   3.5000000000000003e-02 #xyz tv0
           1.9595406791239989e+00   5.4598786031242756e+00   0.0000000000000000e+00 #xyz tv1
           5.8399437719435299e-01   2.3209251089406138e+00   0.0000000000000000e+00 #xyz tv2
           2.7873181943600902e+00   3.0877724809616538e+00   3.5000000000000003e-02 -1 98 #xyz tv3 fid bid
           5.8399437719434877e-01   2.3209251089406173e+00   3.5000000000000003e-02 #xyz tv0
          -1.2276661493245755e-01   4.7291275127895886e+00   0.0000000000000000e+00 #xyz tv1
          -2.0891920762312957e+00   1.3905462010556091e+00   3.5000000000000003e-02 #xyz tv2
           5.8399437719435299e-01   2.3209251089406138e+00   0.0000000000000000e+00 -1 98 #xyz tv3 fid bid
           2.4797523046638723e+00   8.6305586296211900e-01   0.0000000000000000e+00 #xyz tv0
           2.7873181943600902e+00   3.0877724809616538e+00   3.5000000000000003e-02 #xyz tv1
           5.8399437719434877e-01   2.3209251089406173e+00   3.5000000000000003e-02 #xyz tv2
           5.8399437719435299e-01   2.3209251089406138e+00   0.0000000000000000e+00 -1 98 #xyz tv3 fid bid
          -1.8345956181502227e-01  -6.3851478209400486e-02   3.5000000000000003e-02 #xyz tv0
           5.8399437719434877e-01   2.3209251089406173e+00   3.5000000000000003e-02 #xyz tv1
          -2.0891920762312957e+00   1.3905462010556091e+00   3.5000000000000003e-02 #xyz tv2
           5.8399437719435299e-01   2.3209251089406138e+00   0.0000000000000000e+00 -1 98 #xyz tv3 fid bid
          -1.8345956181502227e-01  -6.3851478209400486e-02   3.5000000000000003e-02 #xyz tv0
           2.4797523046638723e+00   8.6305586296211900e-01   0.0000000000000000e+00 #xyz tv1
           5.8399437719434877e-01   2.3209251089406173e+00   3.5000000000000003e-02 #xyz tv2
           5.8399437719435299e-01   2.3209251089406138e+00   0.0000000000000000e+00 -1 98 #xyz tv3 fid bid
          -2.0891920762312957e+00   1.3905462010556091e+00   3.5000000000000003e-02 #xyz tv0
           5.8399437719435299e-01   2.3209251089406138e+00   0.0000000000000000e+00 #xyz tv1
           5.8399437719434877e-01   2.3209251089406173e+00   3.5000000000000003e-02 1082 -1 #xyz tv2 fid bid
           5.8399437719435299e-01   2.3209251089406138e+00   0.0000000000000000e+00 #xyz tv0
           2.7873181943600902e+00   3.0877724809616538e+00   3.5000000000000003e-02 #xyz tv1
           5.8399437719434877e-01   2.3209251089406173e+00   3.5000000000000003e-02 1082 -1 #xyz tv2 fid bid
           5.8399437719435299e-01   2.3209251089406138e+00   0.0000000000000000e+00 #xyz ev0
           5.8399437719434877e-01   2.3209251089406173e+00   3.5000000000000003e-02 -1 98 #xyz ev1 fid bid
   0   0.000000000000e+00   0.000000000000e+00   0.000000000000e+00 #flag location
END_ERR 
G3dErrFileVersion 2025R1
FlagFileMetaData Begin
   Mesh Size - Setup1, Refinement, Pass #6, Freq. 9.150000e+08 :Title    
   Listing of mesh elements with poor quality. :ToolTip  
   hf3d :Author   
   1761268533 :TimeStamp
   mm :UnitName 
   1.0000000000000000e-03 :UnitConv
FlagFileMetaData End
BEGIN_ERR 
26 Small mesh segment detected on body : Cylinder1
 Small mesh segment detected on body : Cylinder1 
 Segment Statistics - Number of Segments : 1 --- Segment length(s) : 0.035000mm. The cutoff frequency for S-Matrix Only Solve is 731.201117073171kHz 
2 -1  1082  # nfids, fids[]
2 98  -1  # nbids, bids[]
      7 2 1 0 #ntets ntri ned npts
           3.0541601606915918e+01   1.2747405409826088e+01   3.5000000000000003e-02 #xyz tv0
           3.0905616071384085e+01   1.5675438450620454e+01  -1.1420810713684025e-16 #xyz tv1
           2.8255635928357052e+01   1.3785019132823217e+01  -1.6884448392189463e-17 #xyz tv2
           3.0541601606915915e+01   1.2747405409826083e+01   0.0000000000000000e+00 -1 98 #xyz tv3 fid bid
           3.0541601606915915e+01   1.2747405409826083e+01   0.0000000000000000e+00 #xyz tv0
           2.8255635928357052e+01   1.3785019132823217e+01  -1.6884448392189463e-17 #xyz tv1
           3.0541601606915918e+01   1.2747405409826088e+01   3.5000000000000003e-02 #xyz tv2
           2.7779835081960730e+01   1.1786196991300542e+01   3.5000000000000003e-02 -1 98 #xyz tv3 fid bid
           3.0541601606915915e+01   1.2747405409826083e+01   0.0000000000000000e+00 #xyz tv0
           3.0905616071384085e+01   1.5675438450620454e+01  -1.1420810713684025e-16 #xyz tv1
           3.2677957286770834e+01   1.3490945113811289e+01   3.5000000000000003e-02 #xyz tv2
           3.0541601606915918e+01   1.2747405409826088e+01   3.5000000000000003e-02 -1 98 #xyz tv3 fid bid
           3.0475104749267853e+01   1.0606590737600323e+01   0.0000000000000000e+00 #xyz tv0
           3.0541601606915918e+01   1.2747405409826088e+01   3.5000000000000003e-02 #xyz tv1
           2.7779835081960730e+01   1.1786196991300542e+01   3.5000000000000003e-02 #xyz tv2
           3.0541601606915915e+01   1.2747405409826083e+01   0.0000000000000000e+00 -1 98 #xyz tv3 fid bid
           3.2646249999999988e+01   1.3400278214999986e+01  -7.1123662515049091e-15 #xyz tv0
           3.0541601606915915e+01   1.2747405409826083e+01   0.0000000000000000e+00 #xyz tv1
           3.2677957286770834e+01   1.3490945113811289e+01   3.5000000000000003e-02 #xyz tv2
           3.0541601606915918e+01   1.2747405409826088e+01   3.5000000000000003e-02 -1 98 #xyz tv3 fid bid
           3.2645520145583049e+01   1.1361984624792655e+01   3.5000000000000003e-02 #xyz tv0
           3.0541601606915918e+01   1.2747405409826088e+01   3.5000000000000003e-02 #xyz tv1
           3.0475104749267853e+01   1.0606590737600323e+01   0.0000000000000000e+00 #xyz tv2
           3.0541601606915915e+01   1.2747405409826083e+01   0.0000000000000000e+00 -1 98 #xyz tv3 fid bid
           3.2645520145583049e+01   1.1361984624792655e+01   3.5000000000000003e-02 #xyz tv0
           3.0541601606915918e+01   1.2747405409826088e+01   3.5000000000000003e-02 #xyz tv1
           3.0541601606915915e+01   1.2747405409826083e+01   0.0000000000000000e+00 #xyz tv2
           3.2646249999999988e+01   1.3400278214999986e+01  -7.1123662515049091e-15 -1 98 #xyz tv3 fid bid
           3.0541601606915918e+01   1.2747405409826088e+01   3.5000000000000003e-02 #xyz tv0
           2.7779835081960730e+01   1.1786196991300542e+01   3.5000000000000003e-02 #xyz tv1
           3.0541601606915915e+01   1.2747405409826083e+01   0.0000000000000000e+00 1082 -1 #xyz tv2 fid bid
           3.0541601606915915e+01   1.2747405409826083e+01   0.0000000000000000e+00 #xyz tv0
           3.2677957286770834e+01   1.3490945113811289e+01   3.5000000000000003e-02 #xyz tv1
           3.0541601606915918e+01   1.2747405409826088e+01   3.5000000000000003e-02 1082 -1 #xyz tv2 fid bid
           3.0541601606915915e+01   1.2747405409826083e+01   0.0000000000000000e+00 #xyz ev0
           3.0541601606915918e+01   1.2747405409826088e+01   3.5000000000000003e-02 -1 98 #xyz ev1 fid bid
   0   0.000000000000e+00   0.000000000000e+00   0.000000000000e+00 #flag location
END_ERR 
BEGIN_ERR 
26 Small mesh segment detected on body : Cylinder1
 Small mesh segment detected on body : Cylinder1 
 Segment Statistics - Number of Segments : 1 --- Segment length(s) : 0.035000mm. The cutoff frequency for S-Matrix Only Solve is 731.201117073171kHz 
2 -1  1082  # nfids, fids[]
2 98  -1  # nbids, bids[]
      7 2 1 0 #ntets ntri ned npts
          -1.2276661493245755e-01   4.7291275127895886e+00   0.0000000000000000e+00 #xyz tv0
           1.4438127133644900e+00   3.9998051795943805e+00   6.2047304618342614e-01 #xyz tv1
           5.8399437719435299e-01   2.3209251089406138e+00   0.0000000000000000e+00 #xyz tv2
           5.8399437719434877e-01   2.3209251089406173e+00   3.5000000000000003e-02 -1 98 #xyz tv3 fid bid
           5.8399437719434877e-01   2.3209251089406173e+00   3.5000000000000003e-02 #xyz tv0
          -1.1658843208950560e+00   3.0411333671092264e+00   0.0000000000000000e+00 #xyz tv1
           5.8399437719435299e-01   2.3209251089406138e+00   0.0000000000000000e+00 #xyz tv2
          -1.2276661493245755e-01   4.7291275127895886e+00   0.0000000000000000e+00 -1 98 #xyz tv3 fid bid
           5.8399437719435299e-01   2.3209251089406138e+00   0.0000000000000000e+00 #xyz tv0
           1.4438127133644900e+00   3.9998051795943805e+00   6.2047304618342614e-01 #xyz tv1
           2.8077317354502069e+00   3.0948772334345498e+00   3.5000000000000003e-02 #xyz tv2
           5.8399437719434877e-01   2.3209251089406173e+00   3.5000000000000003e-02 -1 98 #xyz tv3 fid bid
           5.8399437719434877e-01   2.3209251089406173e+00   3.5000000000000003e-02 #xyz tv0
           5.8399437719435299e-01   2.3209251089406138e+00   0.0000000000000000e+00 #xyz tv1
          -1.1658843208950560e+00   3.0411333671092264e+00   0.0000000000000000e+00 #xyz tv2
          -2.0891920762312957e+00   1.3905462010556091e+00   3.5000000000000003e-02 -1 98 #xyz tv3 fid bid
           2.4797523046638723e+00   8.6305586296211900e-01   0.0000000000000000e+00 #xyz tv0
           2.8077317354502069e+00   3.0948772334345498e+00   3.5000000000000003e-02 #xyz tv1
           5.8399437719434877e-01   2.3209251089406173e+00   3.5000000000000003e-02 #xyz tv2
           5.8399437719435299e-01   2.3209251089406138e+00   0.0000000000000000e+00 -1 98 #xyz tv3 fid bid
          -1.8345956181502227e-01  -6.3851478209400486e-02   3.5000000000000003e-02 #xyz tv0
           5.8399437719434877e-01   2.3209251089406173e+00   3.5000000000000003e-02 #xyz tv1
          -2.0891920762312957e+00   1.3905462010556091e+00   3.5000000000000003e-02 #xyz tv2
           5.8399437719435299e-01   2.3209251089406138e+00   0.0000000000000000e+00 -1 98 #xyz tv3 fid bid
          -1.8345956181502227e-01  -6.3851478209400486e-02   3.5000000000000003e-02 #xyz tv0
           2.4797523046638723e+00   8.6305586296211900e-01   0.0000000000000000e+00 #xyz tv1
           5.8399437719434877e-01   2.3209251089406173e+00   3.5000000000000003e-02 #xyz tv2
           5.8399437719435299e-01   2.3209251089406138e+00   0.0000000000000000e+00 -1 98 #xyz tv3 fid bid
          -2.0891920762312957e+00   1.3905462010556091e+00   3.5000000000000003e-02 #xyz tv0
           5.8399437719435299e-01   2.3209251089406138e+00   0.0000000000000000e+00 #xyz tv1
           5.8399437719434877e-01   2.3209251089406173e+00   3.5000000000000003e-02 1082 -1 #xyz tv2 fid bid
           5.8399437719435299e-01   2.3209251089406138e+00   0.0000000000000000e+00 #xyz tv0
           2.8077317354502069e+00   3.0948772334345498e+00   3.5000000000000003e-02 #xyz tv1
           5.8399437719434877e-01   2.3209251089406173e+00   3.5000000000000003e-02 1082 -1 #xyz tv2 fid bid
           5.8399437719435299e-01   2.3209251089406138e+00   0.0000000000000000e+00 #xyz ev0
           5.8399437719434877e-01   2.3209251089406173e+00   3.5000000000000003e-02 -1 98 #xyz ev1 fid bid
   0   0.000000000000e+00   0.000000000000e+00   0.000000000000e+00 #flag location
END_ERR 
