G3dErrFileVersion 2025R1
FlagFileMetaData Begin
   Mesh Size - Setup1, Refinement, Pass #1, Freq. 9.150000e+08 :Title    
   Listing of mesh elements with poor quality. :ToolTip  
   hf3d :Author   
   1761859863 :TimeStamp
   mm :UnitName 
   1.0000000000000000e-03 :UnitConv
FlagFileMetaData End
BEGIN_ERR 
26 Small mesh segment detected on body : GroundPlane
 Small mesh segment detected on body : GroundPlane 
 Segment Statistics - Number of Segments : 1 --- Segment length(s) : 0.001414mm. The cutoff frequency for S-Matrix Only Solve is 2.12072564681102MHz 
3 -1  1327  2557  # nfids, fids[]
2 4741  -1  # nbids, bids[]
      4 4 1 0 #ntets ntri ned npts
           4.9915760065498844e+01   7.3477748408232287e+01  -8.0000000000000004e-01 #xyz tv0
           5.0000000000000000e+01   7.3000000000000000e+01  -8.3500000000000008e-01 #xyz tv1
           4.9978756971957324e+01   7.3120475198532858e+01  -8.0000000000000004e-01 #xyz tv2
           4.9979811711934090e+01   7.3121416409244105e+01  -8.0000000000000004e-01 -1 4741 #xyz tv3 fid bid
           4.9981390526415673e+01   7.3119100630939712e+01  -8.0000000000000004e-01 #xyz tv0
           4.9978756971957324e+01   7.3120475198532858e+01  -8.0000000000000004e-01 #xyz tv1
           5.0000000000000000e+01   7.3000000000000000e+01  -8.3500000000000008e-01 #xyz tv2
           4.9979811711934090e+01   7.3121416409244105e+01  -8.0000000000000004e-01 -1 4741 #xyz tv3 fid bid
           4.9978756971957324e+01   7.3120475198532858e+01  -8.0000000000000004e-01 #xyz tv0
           4.9979811711934090e+01   7.3121416409244105e+01  -8.0000000000000004e-01 #xyz tv1
           5.0000000000000000e+01   7.3000000000000000e+01   0.0000000000000000e+00 #xyz tv2
           4.9915760065498844e+01   7.3477748408232287e+01  -8.0000000000000004e-01 -1 4741 #xyz tv3 fid bid
           5.0000000000000000e+01   7.3000000000000000e+01   0.0000000000000000e+00 #xyz tv0
           4.9978756971957324e+01   7.3120475198532858e+01  -8.0000000000000004e-01 #xyz tv1
           4.9981390526415673e+01   7.3119100630939712e+01  -8.0000000000000004e-01 #xyz tv2
           4.9979811711934090e+01   7.3121416409244105e+01  -8.0000000000000004e-01 -1 4741 #xyz tv3 fid bid
           4.9981390526415673e+01   7.3119100630939712e+01  -8.0000000000000004e-01 #xyz tv0
           4.9978756971957324e+01   7.3120475198532858e+01  -8.0000000000000004e-01 #xyz tv1
           4.9979811711934090e+01   7.3121416409244105e+01  -8.0000000000000004e-01 1327 -1 #xyz tv2 fid bid
           4.9978756971957324e+01   7.3120475198532858e+01  -8.0000000000000004e-01 #xyz tv0
           4.9979811711934090e+01   7.3121416409244105e+01  -8.0000000000000004e-01 #xyz tv1
           5.0000000000000000e+01   7.3000000000000000e+01  -8.3500000000000008e-01 2557 -1 #xyz tv2 fid bid
           4.9978756971957324e+01   7.3120475198532858e+01  -8.0000000000000004e-01 #xyz tv0
           4.9915760065498844e+01   7.3477748408232287e+01  -8.0000000000000004e-01 #xyz tv1
           4.9979811711934090e+01   7.3121416409244105e+01  -8.0000000000000004e-01 1327 -1 #xyz tv2 fid bid
           4.9978756971957324e+01   7.3120475198532858e+01  -8.0000000000000004e-01 #xyz tv0
           4.9915760065498844e+01   7.3477748408232287e+01  -8.0000000000000004e-01 #xyz tv1
           4.9979811711934090e+01   7.3121416409244105e+01  -8.0000000000000004e-01 2557 -1 #xyz tv2 fid bid
           4.9978756971957324e+01   7.3120475198532858e+01  -8.0000000000000004e-01 #xyz ev0
           4.9979811711934090e+01   7.3121416409244105e+01  -8.0000000000000004e-01 -1 4741 #xyz ev1 fid bid
   0   0.000000000000e+00   0.000000000000e+00   0.000000000000e+00 #flag location
END_ERR 
BEGIN_ERR 
26 Small mesh segment detected on body : Box13
 Small mesh segment detected on body : Box13 
 Segment Statistics - Number of Segments : 1 --- Segment length(s) : 0.002803mm. The cutoff frequency for S-Matrix Only Solve is 1.06963158785143MHz 
3 -1  2458  1327  # nfids, fids[]
2 1479  -1  # nbids, bids[]
      5 2 1 0 #ntets ntri ned npts
           4.9979811711934090e+01   7.3121416409244105e+01  -8.0000000000000004e-01 #xyz tv0
           5.0312499999999986e+01   7.3437500000000014e+01  -3.1249999999999767e-01 #xyz tv1
           4.9981390526415673e+01   7.3119100630939712e+01  -8.0000000000000004e-01 #xyz tv2
           5.0000000000000000e+01   7.3000000000000000e+01   0.0000000000000000e+00 -1 1479 #xyz tv3 fid bid
           4.9979811711934090e+01   7.3121416409244105e+01  -8.0000000000000004e-01 #xyz tv0
           4.9981390526415673e+01   7.3119100630939712e+01  -8.0000000000000004e-01 #xyz tv1
           5.0312499999999986e+01   7.3437500000000014e+01  -3.1249999999999767e-01 #xyz tv2
           5.0312499999999986e+01   7.3437500000000014e+01  -9.3749999999999756e-01 -1 1479 #xyz tv3 fid bid
           5.0000000000000000e+01   7.3000000000000000e+01   0.0000000000000000e+00 #xyz tv0
           4.9978756971957324e+01   7.3120475198532858e+01  -8.0000000000000004e-01 #xyz tv1
           4.9981390526415673e+01   7.3119100630939712e+01  -8.0000000000000004e-01 #xyz tv2
           4.9979811711934090e+01   7.3121416409244105e+01  -8.0000000000000004e-01 -1 1479 #xyz tv3 fid bid
           4.9981390526415673e+01   7.3119100630939712e+01  -8.0000000000000004e-01 #xyz tv0
           4.9979811711934090e+01   7.3121416409244105e+01  -8.0000000000000004e-01 #xyz tv1
           5.0000000000000000e+01   7.3000000000000000e+01  -8.3500000000000008e-01 #xyz tv2
           5.0312499999999986e+01   7.3437500000000014e+01  -9.3749999999999756e-01 -1 1479 #xyz tv3 fid bid
           4.9981390526415673e+01   7.3119100630939712e+01  -8.0000000000000004e-01 #xyz tv0
           4.9978756971957324e+01   7.3120475198532858e+01  -8.0000000000000004e-01 #xyz tv1
           5.0000000000000000e+01   7.3000000000000000e+01  -8.3500000000000008e-01 #xyz tv2
           4.9979811711934090e+01   7.3121416409244105e+01  -8.0000000000000004e-01 -1 1479 #xyz tv3 fid bid
           4.9981390526415673e+01   7.3119100630939712e+01  -8.0000000000000004e-01 #xyz tv0
           4.9979811711934090e+01   7.3121416409244105e+01  -8.0000000000000004e-01 #xyz tv1
           5.0000000000000000e+01   7.3000000000000000e+01   0.0000000000000000e+00 2458 -1 #xyz tv2 fid bid
           4.9981390526415673e+01   7.3119100630939712e+01  -8.0000000000000004e-01 #xyz tv0
           4.9978756971957324e+01   7.3120475198532858e+01  -8.0000000000000004e-01 #xyz tv1
           4.9979811711934090e+01   7.3121416409244105e+01  -8.0000000000000004e-01 1327 -1 #xyz tv2 fid bid
           4.9981390526415673e+01   7.3119100630939712e+01  -8.0000000000000004e-01 #xyz ev0
           4.9979811711934090e+01   7.3121416409244105e+01  -8.0000000000000004e-01 -1 1479 #xyz ev1 fid bid
   0   0.000000000000e+00   0.000000000000e+00   0.000000000000e+00 #flag location
END_ERR 
BEGIN_ERR 
26 Small mesh segment detected on body : Box13
 Small mesh segment detected on body : Box13 
 Segment Statistics - Number of Segments : 1 --- Segment length(s) : 0.002912mm. The cutoff frequency for S-Matrix Only Solve is 1.0294866127139MHz 
2 -1  1326  # nfids, fids[]
2 1479  -1  # nbids, bids[]
      6 2 1 0 #ntets ntri ned npts
          -6.2085820774402777e+01   7.3292263603641800e+01   8.0000000000000004e-01 #xyz tv0
          -6.1330821053645252e+01   7.3818667911605885e+01   8.3500000000000008e-01 #xyz tv1
          -6.2086608228056527e+01   7.3289460034896422e+01   8.0000000000000004e-01 #xyz tv2
          -6.2141430836832271e+01   7.3251072830974266e+01   8.3500000000000008e-01 -1 1479 #xyz tv3 fid bid
          -6.2085820774402777e+01   7.3292263603641800e+01   8.0000000000000004e-01 #xyz tv0
          -6.2086608228056527e+01   7.3289460034896422e+01   8.0000000000000004e-01 #xyz tv1
          -6.1330821053645252e+01   7.3818667911605885e+01   8.3500000000000008e-01 #xyz tv2
          -6.1308852677548849e+01   7.3834050334148003e+01   8.0000000000000004e-01 -1 1479 #xyz tv3 fid bid
          -6.2086608228056527e+01   7.3289460034896422e+01   8.0000000000000004e-01 #xyz tv0
          -6.2443594006594367e+01   7.3039802621379565e+01   8.0000000000000004e-01 #xyz tv1
          -6.2085820774402777e+01   7.3292263603641800e+01   8.0000000000000004e-01 #xyz tv2
          -6.2141430836832271e+01   7.3251072830974266e+01   8.3500000000000008e-01 -1 1479 #xyz tv3 fid bid
          -6.2086608228056527e+01   7.3289460034896422e+01   8.0000000000000004e-01 #xyz tv0
          -6.1308852677548849e+01   7.3834050334148003e+01   8.0000000000000004e-01 #xyz tv1
          -6.2085820774402777e+01   7.3292263603641800e+01   8.0000000000000004e-01 #xyz tv2
          -6.1875000000000014e+01   7.3000000000000000e+01   0.0000000000000000e+00 -1 1479 #xyz tv3 fid bid
          -6.2500000000000000e+01   7.3000000000000000e+01   3.9062500000000233e-01 #xyz tv0
          -6.2086608228056527e+01   7.3289460034896422e+01   8.0000000000000004e-01 #xyz tv1
          -6.2443594006594367e+01   7.3039802621379565e+01   8.0000000000000004e-01 #xyz tv2
          -6.2085820774402777e+01   7.3292263603641800e+01   8.0000000000000004e-01 -1 1479 #xyz tv3 fid bid
          -6.2500000000000000e+01   7.3000000000000000e+01   3.9062500000000233e-01 #xyz tv0
          -6.2086608228056527e+01   7.3289460034896422e+01   8.0000000000000004e-01 #xyz tv1
          -6.2085820774402777e+01   7.3292263603641800e+01   8.0000000000000004e-01 #xyz tv2
          -6.1875000000000014e+01   7.3000000000000000e+01   0.0000000000000000e+00 -1 1479 #xyz tv3 fid bid
          -6.2443594006594367e+01   7.3039802621379565e+01   8.0000000000000004e-01 #xyz tv0
          -6.2086608228056527e+01   7.3289460034896422e+01   8.0000000000000004e-01 #xyz tv1
          -6.2085820774402777e+01   7.3292263603641800e+01   8.0000000000000004e-01 1326 -1 #xyz tv2 fid bid
          -6.2085820774402777e+01   7.3292263603641800e+01   8.0000000000000004e-01 #xyz tv0
          -6.2086608228056527e+01   7.3289460034896422e+01   8.0000000000000004e-01 #xyz tv1
          -6.1308852677548849e+01   7.3834050334148003e+01   8.0000000000000004e-01 1326 -1 #xyz tv2 fid bid
          -6.2086608228056527e+01   7.3289460034896422e+01   8.0000000000000004e-01 #xyz ev0
          -6.2085820774402777e+01   7.3292263603641800e+01   8.0000000000000004e-01 -1 1479 #xyz ev1 fid bid
   0   0.000000000000e+00   0.000000000000e+00   0.000000000000e+00 #flag location
END_ERR 
BEGIN_ERR 
26 Small mesh segment detected on body : Box13
 Small mesh segment detected on body : Box13 
 Segment Statistics - Number of Segments : 1 --- Segment length(s) : 0.002971mm. The cutoff frequency for S-Matrix Only Solve is 1.00916512784593MHz 
2 -1  1327  # nfids, fids[]
2 1479  -1  # nbids, bids[]
      4 2 1 0 #ntets ntri ned npts
           4.9981390526415673e+01   7.3119100630939712e+01  -8.0000000000000004e-01 #xyz tv0
           4.9978756971957324e+01   7.3120475198532858e+01  -8.0000000000000004e-01 #xyz tv1
           5.0000000000000000e+01   7.3000000000000000e+01  -8.3500000000000008e-01 #xyz tv2
           4.9979811711934090e+01   7.3121416409244105e+01  -8.0000000000000004e-01 -1 1479 #xyz tv3 fid bid
           4.9981390526415673e+01   7.3119100630939712e+01  -8.0000000000000004e-01 #xyz tv0
           5.0000000000000000e+01   7.3000000000000000e+01  -8.3500000000000008e-01 #xyz tv1
           4.9978756971957324e+01   7.3120475198532858e+01  -8.0000000000000004e-01 #xyz tv2
           5.0000000000000000e+01   7.3000000000000000e+01  -8.0000000000000004e-01 -1 1479 #xyz tv3 fid bid
           5.0000000000000000e+01   7.3000000000000000e+01   0.0000000000000000e+00 #xyz tv0
           4.9978756971957324e+01   7.3120475198532858e+01  -8.0000000000000004e-01 #xyz tv1
           4.9981390526415673e+01   7.3119100630939712e+01  -8.0000000000000004e-01 #xyz tv2
           4.9979811711934090e+01   7.3121416409244105e+01  -8.0000000000000004e-01 -1 1479 #xyz tv3 fid bid
           5.0000000000000000e+01   7.3000000000000000e+01   0.0000000000000000e+00 #xyz tv0
           4.9981390526415673e+01   7.3119100630939712e+01  -8.0000000000000004e-01 #xyz tv1
           4.9978756971957324e+01   7.3120475198532858e+01  -8.0000000000000004e-01 #xyz tv2
           5.0000000000000000e+01   7.3000000000000000e+01  -8.0000000000000004e-01 -1 1479 #xyz tv3 fid bid
           4.9978756971957324e+01   7.3120475198532858e+01  -8.0000000000000004e-01 #xyz tv0
           4.9981390526415673e+01   7.3119100630939712e+01  -8.0000000000000004e-01 #xyz tv1
           5.0000000000000000e+01   7.3000000000000000e+01  -8.0000000000000004e-01 1327 -1 #xyz tv2 fid bid
           4.9981390526415673e+01   7.3119100630939712e+01  -8.0000000000000004e-01 #xyz tv0
           4.9978756971957324e+01   7.3120475198532858e+01  -8.0000000000000004e-01 #xyz tv1
           4.9979811711934090e+01   7.3121416409244105e+01  -8.0000000000000004e-01 1327 -1 #xyz tv2 fid bid
           4.9978756971957324e+01   7.3120475198532858e+01  -8.0000000000000004e-01 #xyz ev0
           4.9981390526415673e+01   7.3119100630939712e+01  -8.0000000000000004e-01 -1 1479 #xyz ev1 fid bid
   0   0.000000000000e+00   0.000000000000e+00   0.000000000000e+00 #flag location
END_ERR 
BEGIN_ERR 
26 Small mesh segment detected on body : Substrate
 Small mesh segment detected on body : Substrate 
 Segment Statistics - Number of Segments : 1 --- Segment length(s) : 0.005179mm. The cutoff frequency for S-Matrix Only Solve is 599.584916kHz 
2 -1  2458  # nfids, fids[]
2 1325  -1  # nbids, bids[]
      4 2 1 0 #ntets ntri ned npts
           4.9327867942973612e+01   7.4312605823471827e+01  -1.5624999999999956e-01 #xyz tv0
           4.9862653585943242e+01   7.3879017049963309e+01  -7.9684444687456235e-01 #xyz tv1
           4.9857386247358136e+01   7.3900612197461427e+01  -8.0000000000000004e-01 #xyz tv2
           4.9859722790995548e+01   7.3881893578260289e+01  -8.0000000000000004e-01 -1 1325 #xyz tv3 fid bid
           4.9857386247358136e+01   7.3900612197461427e+01  -8.0000000000000004e-01 #xyz tv0
           4.9859722790995548e+01   7.3881893578260289e+01  -8.0000000000000004e-01 #xyz tv1
           4.9862653585943242e+01   7.3879017049963309e+01  -7.9684444687456235e-01 #xyz tv2
           5.0312499999999986e+01   7.3437500000000014e+01  -9.3749999999999756e-01 -1 1325 #xyz tv3 fid bid
           4.9327867942973612e+01   7.4312605823471827e+01  -1.5624999999999956e-01 #xyz tv0
           4.9863187960842595e+01   7.3854133260072516e+01  -8.0000000000000004e-01 #xyz tv1
           4.9862653585943242e+01   7.3879017049963309e+01  -7.9684444687456235e-01 #xyz tv2
           4.9859722790995548e+01   7.3881893578260289e+01  -8.0000000000000004e-01 -1 1325 #xyz tv3 fid bid
           5.0312499999999986e+01   7.3437500000000014e+01  -9.3749999999999756e-01 #xyz tv0
           4.9862653585943242e+01   7.3879017049963309e+01  -7.9684444687456235e-01 #xyz tv1
           4.9863187960842595e+01   7.3854133260072516e+01  -8.0000000000000004e-01 #xyz tv2
           4.9859722790995548e+01   7.3881893578260289e+01  -8.0000000000000004e-01 -1 1325 #xyz tv3 fid bid
           4.9857386247358136e+01   7.3900612197461427e+01  -8.0000000000000004e-01 #xyz tv0
           4.9862653585943242e+01   7.3879017049963309e+01  -7.9684444687456235e-01 #xyz tv1
           4.9859722790995548e+01   7.3881893578260289e+01  -8.0000000000000004e-01 2458 -1 #xyz tv2 fid bid
           4.9862653585943242e+01   7.3879017049963309e+01  -7.9684444687456235e-01 #xyz tv0
           4.9863187960842595e+01   7.3854133260072516e+01  -8.0000000000000004e-01 #xyz tv1
           4.9859722790995548e+01   7.3881893578260289e+01  -8.0000000000000004e-01 2458 -1 #xyz tv2 fid bid
           4.9862653585943242e+01   7.3879017049963309e+01  -7.9684444687456235e-01 #xyz ev0
           4.9859722790995548e+01   7.3881893578260289e+01  -8.0000000000000004e-01 -1 1325 #xyz ev1 fid bid
   0   0.000000000000e+00   0.000000000000e+00   0.000000000000e+00 #flag location
END_ERR 
G3dErrFileVersion 2025R1
FlagFileMetaData Begin
   Mesh Size - Setup1, Refinement, Pass #2, Freq. 9.150000e+08 :Title    
   Listing of mesh elements with poor quality. :ToolTip  
   hf3d :Author   
   1761859871 :TimeStamp
   mm :UnitName 
   1.0000000000000000e-03 :UnitConv
FlagFileMetaData End
BEGIN_ERR 
26 Small mesh segment detected on body : GroundPlane
 Small mesh segment detected on body : GroundPlane 
 Segment Statistics - Number of Segments : 1 --- Segment length(s) : 0.001414mm. The cutoff frequency for S-Matrix Only Solve is 2.12072564680326MHz 
3 -1  1327  2557  # nfids, fids[]
2 4741  -1  # nbids, bids[]
      4 4 1 0 #ntets ntri ned npts
           4.9915760065498844e+01   7.3477748408232287e+01  -8.0000000000000004e-01 #xyz tv0
           5.0000000000000000e+01   7.3000000000000000e+01  -8.3500000000000008e-01 #xyz tv1
           4.9978756971957324e+01   7.3120475198532858e+01  -8.0000000000000004e-01 #xyz tv2
           4.9979811711934097e+01   7.3121416409244105e+01  -8.0000000000000004e-01 -1 4741 #xyz tv3 fid bid
           4.9981390526415673e+01   7.3119100630939712e+01  -8.0000000000000004e-01 #xyz tv0
           4.9978756971957324e+01   7.3120475198532858e+01  -8.0000000000000004e-01 #xyz tv1
           5.0000000000000000e+01   7.3000000000000000e+01  -8.3500000000000008e-01 #xyz tv2
           4.9979811711934097e+01   7.3121416409244105e+01  -8.0000000000000004e-01 -1 4741 #xyz tv3 fid bid
           4.9978756971957324e+01   7.3120475198532858e+01  -8.0000000000000004e-01 #xyz tv0
           4.9979811711934097e+01   7.3121416409244105e+01  -8.0000000000000004e-01 #xyz tv1
           5.0000000000000000e+01   7.3000000000000000e+01   0.0000000000000000e+00 #xyz tv2
           4.9915760065498844e+01   7.3477748408232287e+01  -8.0000000000000004e-01 -1 4741 #xyz tv3 fid bid
           5.0000000000000000e+01   7.3000000000000000e+01   0.0000000000000000e+00 #xyz tv0
           4.9978756971957324e+01   7.3120475198532858e+01  -8.0000000000000004e-01 #xyz tv1
           4.9981390526415673e+01   7.3119100630939712e+01  -8.0000000000000004e-01 #xyz tv2
           4.9979811711934097e+01   7.3121416409244105e+01  -8.0000000000000004e-01 -1 4741 #xyz tv3 fid bid
           4.9981390526415673e+01   7.3119100630939712e+01  -8.0000000000000004e-01 #xyz tv0
           4.9978756971957324e+01   7.3120475198532858e+01  -8.0000000000000004e-01 #xyz tv1
           4.9979811711934097e+01   7.3121416409244105e+01  -8.0000000000000004e-01 1327 -1 #xyz tv2 fid bid
           4.9978756971957324e+01   7.3120475198532858e+01  -8.0000000000000004e-01 #xyz tv0
           4.9979811711934097e+01   7.3121416409244105e+01  -8.0000000000000004e-01 #xyz tv1
           5.0000000000000000e+01   7.3000000000000000e+01  -8.3500000000000008e-01 2557 -1 #xyz tv2 fid bid
           4.9978756971957324e+01   7.3120475198532858e+01  -8.0000000000000004e-01 #xyz tv0
           4.9915760065498844e+01   7.3477748408232287e+01  -8.0000000000000004e-01 #xyz tv1
           4.9979811711934097e+01   7.3121416409244105e+01  -8.0000000000000004e-01 1327 -1 #xyz tv2 fid bid
           4.9978756971957324e+01   7.3120475198532858e+01  -8.0000000000000004e-01 #xyz tv0
           4.9915760065498844e+01   7.3477748408232287e+01  -8.0000000000000004e-01 #xyz tv1
           4.9979811711934097e+01   7.3121416409244105e+01  -8.0000000000000004e-01 2557 -1 #xyz tv2 fid bid
           4.9978756971957324e+01   7.3120475198532858e+01  -8.0000000000000004e-01 #xyz ev0
           4.9979811711934097e+01   7.3121416409244105e+01  -8.0000000000000004e-01 -1 4741 #xyz ev1 fid bid
   0   0.000000000000e+00   0.000000000000e+00   0.000000000000e+00 #flag location
END_ERR 
BEGIN_ERR 
26 Small mesh segment detected on body : Box13
 Small mesh segment detected on body : Box13 
 Segment Statistics - Number of Segments : 1 --- Segment length(s) : 0.002803mm. The cutoff frequency for S-Matrix Only Solve is 1.06963158785292MHz 
3 -1  2458  1327  # nfids, fids[]
2 1479  -1  # nbids, bids[]
      5 2 1 0 #ntets ntri ned npts
           4.9979811711934097e+01   7.3121416409244105e+01  -8.0000000000000004e-01 #xyz tv0
           5.0312499999999986e+01   7.3437500000000014e+01  -3.1249999999999767e-01 #xyz tv1
           4.9981390526415673e+01   7.3119100630939712e+01  -8.0000000000000004e-01 #xyz tv2
           5.0000000000000000e+01   7.3000000000000000e+01   0.0000000000000000e+00 -1 1479 #xyz tv3 fid bid
           4.9979811711934097e+01   7.3121416409244105e+01  -8.0000000000000004e-01 #xyz tv0
           4.9981390526415673e+01   7.3119100630939712e+01  -8.0000000000000004e-01 #xyz tv1
           5.0312499999999986e+01   7.3437500000000014e+01  -3.1249999999999767e-01 #xyz tv2
           5.0312499999999986e+01   7.3437500000000014e+01  -9.3749999999999756e-01 -1 1479 #xyz tv3 fid bid
           5.0000000000000000e+01   7.3000000000000000e+01   0.0000000000000000e+00 #xyz tv0
           4.9978756971957324e+01   7.3120475198532858e+01  -8.0000000000000004e-01 #xyz tv1
           4.9981390526415673e+01   7.3119100630939712e+01  -8.0000000000000004e-01 #xyz tv2
           4.9979811711934097e+01   7.3121416409244105e+01  -8.0000000000000004e-01 -1 1479 #xyz tv3 fid bid
           4.9981390526415673e+01   7.3119100630939712e+01  -8.0000000000000004e-01 #xyz tv0
           4.9979811711934097e+01   7.3121416409244105e+01  -8.0000000000000004e-01 #xyz tv1
           5.0000000000000000e+01   7.3000000000000000e+01  -8.3500000000000008e-01 #xyz tv2
           5.0312499999999986e+01   7.3437500000000014e+01  -9.3749999999999756e-01 -1 1479 #xyz tv3 fid bid
           4.9981390526415673e+01   7.3119100630939712e+01  -8.0000000000000004e-01 #xyz tv0
           4.9978756971957324e+01   7.3120475198532858e+01  -8.0000000000000004e-01 #xyz tv1
           5.0000000000000000e+01   7.3000000000000000e+01  -8.3500000000000008e-01 #xyz tv2
           4.9979811711934097e+01   7.3121416409244105e+01  -8.0000000000000004e-01 -1 1479 #xyz tv3 fid bid
           4.9981390526415673e+01   7.3119100630939712e+01  -8.0000000000000004e-01 #xyz tv0
           4.9979811711934097e+01   7.3121416409244105e+01  -8.0000000000000004e-01 #xyz tv1
           5.0000000000000000e+01   7.3000000000000000e+01   0.0000000000000000e+00 2458 -1 #xyz tv2 fid bid
           4.9981390526415673e+01   7.3119100630939712e+01  -8.0000000000000004e-01 #xyz tv0
           4.9978756971957324e+01   7.3120475198532858e+01  -8.0000000000000004e-01 #xyz tv1
           4.9979811711934097e+01   7.3121416409244105e+01  -8.0000000000000004e-01 1327 -1 #xyz tv2 fid bid
           4.9981390526415673e+01   7.3119100630939712e+01  -8.0000000000000004e-01 #xyz ev0
           4.9979811711934097e+01   7.3121416409244105e+01  -8.0000000000000004e-01 -1 1479 #xyz ev1 fid bid
   0   0.000000000000e+00   0.000000000000e+00   0.000000000000e+00 #flag location
END_ERR 
BEGIN_ERR 
26 Small mesh segment detected on body : Box13
 Small mesh segment detected on body : Box13 
 Segment Statistics - Number of Segments : 1 --- Segment length(s) : 0.002912mm. The cutoff frequency for S-Matrix Only Solve is 1.0294866127139MHz 
2 -1  1326  # nfids, fids[]
2 1479  -1  # nbids, bids[]
      7 2 1 0 #ntets ntri ned npts
          -6.2085820774402777e+01   7.3292263603641800e+01   8.0000000000000004e-01 #xyz tv0
          -6.1353746737083711e+01   7.3802615175246544e+01   8.3500000000000008e-01 #xyz tv1
          -6.2086608228056527e+01   7.3289460034896422e+01   8.0000000000000004e-01 #xyz tv2
          -6.2141430836832278e+01   7.3251072830974266e+01   8.3500000000000008e-01 -1 1479 #xyz tv3 fid bid
          -6.2085820774402777e+01   7.3292263603641800e+01   8.0000000000000004e-01 #xyz tv0
          -6.2086608228056527e+01   7.3289460034896422e+01   8.0000000000000004e-01 #xyz tv1
          -6.1353746737083711e+01   7.3802615175246544e+01   8.3500000000000008e-01 #xyz tv2
          -6.1308852677548849e+01   7.3834050334148003e+01   8.0000000000000004e-01 -1 1479 #xyz tv3 fid bid
          -6.2086608228056527e+01   7.3289460034896422e+01   8.0000000000000004e-01 #xyz tv0
          -6.2443594006594367e+01   7.3039802621379565e+01   8.0000000000000004e-01 #xyz tv1
          -6.2085820774402777e+01   7.3292263603641800e+01   8.0000000000000004e-01 #xyz tv2
          -6.2141430836832278e+01   7.3251072830974266e+01   8.3500000000000008e-01 -1 1479 #xyz tv3 fid bid
          -6.1607992538903090e+01   7.3357220598773353e+01   3.5486507148772251e-01 #xyz tv0
          -6.2086608228056527e+01   7.3289460034896422e+01   8.0000000000000004e-01 #xyz tv1
          -6.2085820774402777e+01   7.3292263603641800e+01   8.0000000000000004e-01 #xyz tv2
          -6.1308852677548849e+01   7.3834050334148003e+01   8.0000000000000004e-01 -1 1479 #xyz tv3 fid bid
          -6.2500000000000000e+01   7.3000000000000000e+01   3.9765625000000060e-01 #xyz tv0
          -6.2086608228056527e+01   7.3289460034896422e+01   8.0000000000000004e-01 #xyz tv1
          -6.2443594006594367e+01   7.3039802621379565e+01   8.0000000000000004e-01 #xyz tv2
          -6.2085820774402777e+01   7.3292263603641800e+01   8.0000000000000004e-01 -1 1479 #xyz tv3 fid bid
          -6.2226562500000014e+01   7.3000000000000000e+01   0.0000000000000000e+00 #xyz tv0
          -6.1607992538903090e+01   7.3357220598773353e+01   3.5486507148772251e-01 #xyz tv1
          -6.2086608228056527e+01   7.3289460034896422e+01   8.0000000000000004e-01 #xyz tv2
          -6.2085820774402777e+01   7.3292263603641800e+01   8.0000000000000004e-01 -1 1479 #xyz tv3 fid bid
          -6.2226562500000014e+01   7.3000000000000000e+01   0.0000000000000000e+00 #xyz tv0
          -6.2086608228056527e+01   7.3289460034896422e+01   8.0000000000000004e-01 #xyz tv1
          -6.2500000000000000e+01   7.3000000000000000e+01   3.9765625000000060e-01 #xyz tv2
          -6.2085820774402777e+01   7.3292263603641800e+01   8.0000000000000004e-01 -1 1479 #xyz tv3 fid bid
          -6.2443594006594367e+01   7.3039802621379565e+01   8.0000000000000004e-01 #xyz tv0
          -6.2086608228056527e+01   7.3289460034896422e+01   8.0000000000000004e-01 #xyz tv1
          -6.2085820774402777e+01   7.3292263603641800e+01   8.0000000000000004e-01 1326 -1 #xyz tv2 fid bid
          -6.2085820774402777e+01   7.3292263603641800e+01   8.0000000000000004e-01 #xyz tv0
          -6.2086608228056527e+01   7.3289460034896422e+01   8.0000000000000004e-01 #xyz tv1
          -6.1308852677548849e+01   7.3834050334148003e+01   8.0000000000000004e-01 1326 -1 #xyz tv2 fid bid
          -6.2086608228056527e+01   7.3289460034896422e+01   8.0000000000000004e-01 #xyz ev0
          -6.2085820774402777e+01   7.3292263603641800e+01   8.0000000000000004e-01 -1 1479 #xyz ev1 fid bid
   0   0.000000000000e+00   0.000000000000e+00   0.000000000000e+00 #flag location
END_ERR 
BEGIN_ERR 
26 Small mesh segment detected on body : Box13
 Small mesh segment detected on body : Box13 
 Segment Statistics - Number of Segments : 1 --- Segment length(s) : 0.002971mm. The cutoff frequency for S-Matrix Only Solve is 1.00916512784593MHz 
2 -1  1327  # nfids, fids[]
2 1479  -1  # nbids, bids[]
      4 2 1 0 #ntets ntri ned npts
           4.9981390526415673e+01   7.3119100630939712e+01  -8.0000000000000004e-01 #xyz tv0
           4.9978756971957324e+01   7.3120475198532858e+01  -8.0000000000000004e-01 #xyz tv1
           5.0000000000000000e+01   7.3000000000000000e+01  -8.3500000000000008e-01 #xyz tv2
           4.9979811711934097e+01   7.3121416409244105e+01  -8.0000000000000004e-01 -1 1479 #xyz tv3 fid bid
           4.9981390526415673e+01   7.3119100630939712e+01  -8.0000000000000004e-01 #xyz tv0
           5.0000000000000000e+01   7.3000000000000000e+01  -8.3500000000000008e-01 #xyz tv1
           4.9978756971957324e+01   7.3120475198532858e+01  -8.0000000000000004e-01 #xyz tv2
           5.0000000000000000e+01   7.3000000000000000e+01  -8.0000000000000004e-01 -1 1479 #xyz tv3 fid bid
           5.0000000000000000e+01   7.3000000000000000e+01   0.0000000000000000e+00 #xyz tv0
           4.9978756971957324e+01   7.3120475198532858e+01  -8.0000000000000004e-01 #xyz tv1
           4.9981390526415673e+01   7.3119100630939712e+01  -8.0000000000000004e-01 #xyz tv2
           4.9979811711934097e+01   7.3121416409244105e+01  -8.0000000000000004e-01 -1 1479 #xyz tv3 fid bid
           5.0000000000000000e+01   7.3000000000000000e+01   0.0000000000000000e+00 #xyz tv0
           4.9981390526415673e+01   7.3119100630939712e+01  -8.0000000000000004e-01 #xyz tv1
           4.9978756971957324e+01   7.3120475198532858e+01  -8.0000000000000004e-01 #xyz tv2
           5.0000000000000000e+01   7.3000000000000000e+01  -8.0000000000000004e-01 -1 1479 #xyz tv3 fid bid
           4.9978756971957324e+01   7.3120475198532858e+01  -8.0000000000000004e-01 #xyz tv0
           4.9981390526415673e+01   7.3119100630939712e+01  -8.0000000000000004e-01 #xyz tv1
           5.0000000000000000e+01   7.3000000000000000e+01  -8.0000000000000004e-01 1327 -1 #xyz tv2 fid bid
           4.9981390526415673e+01   7.3119100630939712e+01  -8.0000000000000004e-01 #xyz tv0
           4.9978756971957324e+01   7.3120475198532858e+01  -8.0000000000000004e-01 #xyz tv1
           4.9979811711934097e+01   7.3121416409244105e+01  -8.0000000000000004e-01 1327 -1 #xyz tv2 fid bid
           4.9978756971957324e+01   7.3120475198532858e+01  -8.0000000000000004e-01 #xyz ev0
           4.9981390526415673e+01   7.3119100630939712e+01  -8.0000000000000004e-01 -1 1479 #xyz ev1 fid bid
   0   0.000000000000e+00   0.000000000000e+00   0.000000000000e+00 #flag location
END_ERR 
BEGIN_ERR 
26 Small mesh segment detected on body : Box13
 Small mesh segment detected on body : Box13 
 Segment Statistics - Number of Segments : 1 --- Segment length(s) : 0.005767mm. The cutoff frequency for S-Matrix Only Solve is 599.584916kHz 
2 -1  2458  # nfids, fids[]
2 1479  -1  # nbids, bids[]
      4 2 1 0 #ntets ntri ned npts
           5.0312499999999986e+01   7.3437500000000014e+01  -9.3749999999999756e-01 #xyz tv0
           4.9868880018230307e+01   7.3839167883326127e+01  -7.9530788530184915e-01 #xyz tv1
           4.9860628797211767e+01   7.3874635342170137e+01  -8.0000000000000004e-01 #xyz tv2
           4.9862653585943242e+01   7.3879017049963323e+01  -7.9684444687456235e-01 -1 1479 #xyz tv3 fid bid
           4.9868880018230307e+01   7.3839167883326127e+01  -7.9530788530184915e-01 #xyz tv0
           4.9327867942973612e+01   7.4312605823471827e+01  -1.5624999999999956e-01 #xyz tv1
           4.9860628797211767e+01   7.3874635342170137e+01  -8.0000000000000004e-01 #xyz tv2
           4.9862653585943242e+01   7.3879017049963323e+01  -7.9684444687456235e-01 -1 1479 #xyz tv3 fid bid
           4.9857386247358136e+01   7.3900612197461427e+01  -8.0000000000000004e-01 #xyz tv0
           4.9860628797211767e+01   7.3874635342170137e+01  -8.0000000000000004e-01 #xyz tv1
           4.9862653585943242e+01   7.3879017049963323e+01  -7.9684444687456235e-01 #xyz tv2
           5.0312499999999986e+01   7.3437500000000014e+01  -9.3749999999999756e-01 -1 1479 #xyz tv3 fid bid
           4.9327867942973612e+01   7.4312605823471827e+01  -1.5624999999999956e-01 #xyz tv0
           4.9862653585943242e+01   7.3879017049963323e+01  -7.9684444687456235e-01 #xyz tv1
           4.9857386247358136e+01   7.3900612197461427e+01  -8.0000000000000004e-01 #xyz tv2
           4.9860628797211767e+01   7.3874635342170137e+01  -8.0000000000000004e-01 -1 1479 #xyz tv3 fid bid
           4.9857386247358136e+01   7.3900612197461427e+01  -8.0000000000000004e-01 #xyz tv0
           4.9862653585943242e+01   7.3879017049963323e+01  -7.9684444687456235e-01 #xyz tv1
           4.9860628797211767e+01   7.3874635342170137e+01  -8.0000000000000004e-01 2458 -1 #xyz tv2 fid bid
           4.9868880018230307e+01   7.3839167883326127e+01  -7.9530788530184915e-01 #xyz tv0
           4.9860628797211767e+01   7.3874635342170137e+01  -8.0000000000000004e-01 #xyz tv1
           4.9862653585943242e+01   7.3879017049963323e+01  -7.9684444687456235e-01 2458 -1 #xyz tv2 fid bid
           4.9862653585943242e+01   7.3879017049963323e+01  -7.9684444687456235e-01 #xyz ev0
           4.9860628797211767e+01   7.3874635342170137e+01  -8.0000000000000004e-01 -1 1479 #xyz ev1 fid bid
   0   0.000000000000e+00   0.000000000000e+00   0.000000000000e+00 #flag location
END_ERR 
BEGIN_ERR 
26 Small mesh segment detected on body : Box13
 Small mesh segment detected on body : Box13 
 Segment Statistics - Number of Segments : 1 --- Segment length(s) : 0.006843mm. The cutoff frequency for S-Matrix Only Solve is 599.584916kHz 
2 -1  2458  # nfids, fids[]
2 1479  -1  # nbids, bids[]
      5 2 1 0 #ntets ntri ned npts
           5.0312499999999986e+01   7.3437500000000014e+01  -9.3749999999999756e-01 #xyz tv0
           4.9860628797211767e+01   7.3874635342170137e+01  -8.0000000000000004e-01 #xyz tv1
           4.9868880018230307e+01   7.3839167883326127e+01  -7.9530788530184915e-01 #xyz tv2
           4.9864714877709751e+01   7.3841900757785567e+01  -8.0000000000000004e-01 -1 1479 #xyz tv3 fid bid
           4.9868880018230307e+01   7.3839167883326127e+01  -7.9530788530184915e-01 #xyz tv0
           4.9860628797211767e+01   7.3874635342170137e+01  -8.0000000000000004e-01 #xyz tv1
           4.9327867942973612e+01   7.4312605823471827e+01  -1.5624999999999956e-01 #xyz tv2
           4.9864714877709751e+01   7.3841900757785567e+01  -8.0000000000000004e-01 -1 1479 #xyz tv3 fid bid
           5.0312499999999986e+01   7.3437500000000014e+01  -9.3749999999999756e-01 #xyz tv0
           4.9868880018230307e+01   7.3839167883326127e+01  -7.9530788530184915e-01 #xyz tv1
           4.9870659882531214e+01   7.3794273878655133e+01  -8.0000000000000004e-01 #xyz tv2
           4.9864714877709751e+01   7.3841900757785567e+01  -8.0000000000000004e-01 -1 1479 #xyz tv3 fid bid
           4.9863356101231382e+01   7.3774946057566893e+01  -8.0000000000000004e-01 #xyz tv0
           4.9864714877709751e+01   7.3841900757785567e+01  -8.0000000000000004e-01 #xyz tv1
           4.9868880018230307e+01   7.3839167883326127e+01  -7.9530788530184915e-01 #xyz tv2
           4.9327867942973612e+01   7.4312605823471827e+01  -1.5624999999999956e-01 -1 1479 #xyz tv3 fid bid
           4.9863356101231382e+01   7.3774946057566893e+01  -8.0000000000000004e-01 #xyz tv0
           4.9868880018230307e+01   7.3839167883326127e+01  -7.9530788530184915e-01 #xyz tv1
           4.9864714877709751e+01   7.3841900757785567e+01  -8.0000000000000004e-01 #xyz tv2
           4.9870659882531214e+01   7.3794273878655133e+01  -8.0000000000000004e-01 -1 1479 #xyz tv3 fid bid
           4.9868880018230307e+01   7.3839167883326127e+01  -7.9530788530184915e-01 #xyz tv0
           4.9870659882531214e+01   7.3794273878655133e+01  -8.0000000000000004e-01 #xyz tv1
           4.9864714877709751e+01   7.3841900757785567e+01  -8.0000000000000004e-01 2458 -1 #xyz tv2 fid bid
           4.9860628797211767e+01   7.3874635342170137e+01  -8.0000000000000004e-01 #xyz tv0
           4.9868880018230307e+01   7.3839167883326127e+01  -7.9530788530184915e-01 #xyz tv1
           4.9864714877709751e+01   7.3841900757785567e+01  -8.0000000000000004e-01 2458 -1 #xyz tv2 fid bid
           4.9864714877709751e+01   7.3841900757785567e+01  -8.0000000000000004e-01 #xyz ev0
           4.9868880018230307e+01   7.3839167883326127e+01  -7.9530788530184915e-01 -1 1479 #xyz ev1 fid bid
   0   0.000000000000e+00   0.000000000000e+00   0.000000000000e+00 #flag location
END_ERR 
G3dErrFileVersion 2025R1
FlagFileMetaData Begin
   Mesh Size - Setup1, Refinement, Pass #3, Freq. 9.150000e+08 :Title    
   Listing of mesh elements with poor quality. :ToolTip  
   hf3d :Author   
   1761859882 :TimeStamp
   mm :UnitName 
   1.0000000000000000e-03 :UnitConv
FlagFileMetaData End
BEGIN_ERR 
26 Small mesh segment detected on body : Substrate
 Small mesh segment detected on body : Substrate 
 Segment Statistics - Number of Segments : 1 --- Segment length(s) : 0.001414mm. The cutoff frequency for S-Matrix Only Solve is 2.12072564679549MHz 
3 -1  1327  2557  # nfids, fids[]
2 1325  -1  # nbids, bids[]
      4 4 1 0 #ntets ntri ned npts
           4.9978756971957324e+01   7.3120475198532858e+01  -8.0000000000000004e-01 #xyz tv0
           4.9979811711934104e+01   7.3121416409244105e+01  -8.0000000000000004e-01 #xyz tv1
           5.0000000000000000e+01   7.3000000000000000e+01   0.0000000000000000e+00 #xyz tv2
           4.9915760065498844e+01   7.3477748408232287e+01  -8.0000000000000004e-01 -1 1325 #xyz tv3 fid bid
           4.9915760065498844e+01   7.3477748408232287e+01  -8.0000000000000004e-01 #xyz tv0
           5.0000000000000000e+01   7.3000000000000000e+01  -8.3500000000000008e-01 #xyz tv1
           4.9978756971957324e+01   7.3120475198532858e+01  -8.0000000000000004e-01 #xyz tv2
           4.9979811711934104e+01   7.3121416409244105e+01  -8.0000000000000004e-01 -1 1325 #xyz tv3 fid bid
           5.0000000000000000e+01   7.3000000000000000e+01   0.0000000000000000e+00 #xyz tv0
           4.9978756971957324e+01   7.3120475198532858e+01  -8.0000000000000004e-01 #xyz tv1
           4.9981390526415673e+01   7.3119100630939712e+01  -8.0000000000000004e-01 #xyz tv2
           4.9979811711934104e+01   7.3121416409244105e+01  -8.0000000000000004e-01 -1 1325 #xyz tv3 fid bid
           4.9981390526415673e+01   7.3119100630939712e+01  -8.0000000000000004e-01 #xyz tv0
           4.9978756971957324e+01   7.3120475198532858e+01  -8.0000000000000004e-01 #xyz tv1
           5.0000000000000000e+01   7.3000000000000000e+01  -8.3500000000000008e-01 #xyz tv2
           4.9979811711934104e+01   7.3121416409244105e+01  -8.0000000000000004e-01 -1 1325 #xyz tv3 fid bid
           4.9981390526415673e+01   7.3119100630939712e+01  -8.0000000000000004e-01 #xyz tv0
           4.9978756971957324e+01   7.3120475198532858e+01  -8.0000000000000004e-01 #xyz tv1
           4.9979811711934104e+01   7.3121416409244105e+01  -8.0000000000000004e-01 1327 -1 #xyz tv2 fid bid
           4.9978756971957324e+01   7.3120475198532858e+01  -8.0000000000000004e-01 #xyz tv0
           4.9979811711934104e+01   7.3121416409244105e+01  -8.0000000000000004e-01 #xyz tv1
           5.0000000000000000e+01   7.3000000000000000e+01  -8.3500000000000008e-01 2557 -1 #xyz tv2 fid bid
           4.9978756971957324e+01   7.3120475198532858e+01  -8.0000000000000004e-01 #xyz tv0
           4.9915760065498844e+01   7.3477748408232287e+01  -8.0000000000000004e-01 #xyz tv1
           4.9979811711934104e+01   7.3121416409244105e+01  -8.0000000000000004e-01 1327 -1 #xyz tv2 fid bid
           4.9978756971957324e+01   7.3120475198532858e+01  -8.0000000000000004e-01 #xyz tv0
           4.9915760065498844e+01   7.3477748408232287e+01  -8.0000000000000004e-01 #xyz tv1
           4.9979811711934104e+01   7.3121416409244105e+01  -8.0000000000000004e-01 2557 -1 #xyz tv2 fid bid
           4.9978756971957324e+01   7.3120475198532858e+01  -8.0000000000000004e-01 #xyz ev0
           4.9979811711934104e+01   7.3121416409244105e+01  -8.0000000000000004e-01 -1 1325 #xyz ev1 fid bid
   0   0.000000000000e+00   0.000000000000e+00   0.000000000000e+00 #flag location
END_ERR 
BEGIN_ERR 
26 Small mesh segment detected on body : Box13
 Small mesh segment detected on body : Box13 
 Segment Statistics - Number of Segments : 1 --- Segment length(s) : 0.002803mm. The cutoff frequency for S-Matrix Only Solve is 1.06963158785441MHz 
3 -1  2458  1327  # nfids, fids[]
2 1479  -1  # nbids, bids[]
      5 2 1 0 #ntets ntri ned npts
           4.9979811711934104e+01   7.3121416409244105e+01  -8.0000000000000004e-01 #xyz tv0
           5.0312499999999986e+01   7.3437500000000014e+01  -3.1249999999999767e-01 #xyz tv1
           4.9981390526415673e+01   7.3119100630939712e+01  -8.0000000000000004e-01 #xyz tv2
           5.0000000000000000e+01   7.3000000000000000e+01   0.0000000000000000e+00 -1 1479 #xyz tv3 fid bid
