G3dErrFileVersion 2025R1
FlagFileMetaData Begin
   Mesh Size - Setup1, Refinement, Pass #1, Freq. 9.150000e+08 :Title    
   Listing of mesh elements with poor quality. :ToolTip  
   hf3d :Author   
   1761265936 :TimeStamp
   mm :UnitName 
   1.0000000000000000e-03 :UnitConv
FlagFileMetaData End
BEGIN_ERR 
26 Small mesh segment detected on body : Cylinder1
 Small mesh segment detected on body : Cylinder1 
 Segment Statistics - Number of Segments : 1 --- Segment length(s) : 0.035000mm. The cutoff frequency for S-Matrix Only Solve is 731.201117073171kHz 
2 -1  1080  # nfids, fids[]
2 98  -1  # nbids, bids[]
      8 2 1 0 #ntets ntri ned npts
          -2.3154439384998042e+01  -8.0586978897060391e+00   3.5000000000000003e-02 #xyz tv0
          -2.2152812499999992e+01  -8.7525342850000065e+00   1.1659374999999870e+00 #xyz tv1
          -2.3154439384998039e+01  -8.0586978897060408e+00   0.0000000000000000e+00 #xyz tv2
          -2.3318749999999991e+01  -9.9184717850000119e+00  -1.4224732503009818e-14 -1 98 #xyz tv3 fid bid
          -2.3154439384998039e+01  -8.0586978897060408e+00   0.0000000000000000e+00 #xyz tv0
          -2.3318749999999991e+01  -9.9184717850000119e+00  -1.4224732503009818e-14 #xyz tv1
          -2.5958512899015947e+01  -9.0346308816142891e+00   0.0000000000000000e+00 #xyz tv2
          -2.3154439384998042e+01  -8.0586978897060391e+00   3.5000000000000003e-02 -1 98 #xyz tv3 fid bid
          -2.3154439384998042e+01  -8.0586978897060391e+00   3.5000000000000003e-02 #xyz tv0
          -2.3154439384998039e+01  -8.0586978897060408e+00   0.0000000000000000e+00 #xyz tv1
          -2.2152812499999992e+01  -8.7525342850000065e+00   1.1659374999999870e+00 #xyz tv2
          -2.1074511550059423e+01  -7.3347973982398491e+00   3.5000000000000003e-02 -1 98 #xyz tv3 fid bid
          -2.3154439384998042e+01  -8.0586978897060391e+00   3.5000000000000003e-02 #xyz tv0
          -2.3154439384998039e+01  -8.0586978897060408e+00   0.0000000000000000e+00 #xyz tv1
          -2.5891770855171472e+01  -6.8937308697542239e+00   0.0000000000000000e+00 #xyz tv2
          -2.5958512899015947e+01  -9.0346308816142891e+00   0.0000000000000000e+00 -1 98 #xyz tv3 fid bid
          -2.1008014693751782e+01  -5.1939827221248560e+00   0.0000000000000000e+00 #xyz tv0
          -2.3154439384998039e+01  -8.0586978897060408e+00   0.0000000000000000e+00 #xyz tv1
          -2.3154439384998042e+01  -8.0586978897060391e+00   3.5000000000000003e-02 #xyz tv2
          -2.1074511550059423e+01  -7.3347973982398491e+00   3.5000000000000003e-02 -1 98 #xyz tv3 fid bid
          -2.3087942528793786e+01  -5.9178832134605424e+00   0.0000000000000000e+00 #xyz tv0
          -2.1008014693751782e+01  -5.1939827221248560e+00   0.0000000000000000e+00 #xyz tv1
          -2.3154439384998039e+01  -8.0586978897060408e+00   0.0000000000000000e+00 #xyz tv2
          -2.3154439384998042e+01  -8.0586978897060391e+00   3.5000000000000003e-02 -1 98 #xyz tv3 fid bid
          -2.3154439384998042e+01  -8.0586978897060391e+00   3.5000000000000003e-02 #xyz tv0
          -2.5891770855171472e+01  -6.8937308697542239e+00   0.0000000000000000e+00 #xyz tv1
          -2.3154439384998039e+01  -8.0586978897060408e+00   0.0000000000000000e+00 #xyz tv2
          -2.4489856691982634e+01  -6.4058070416073853e+00   3.5000000000000003e-02 -1 98 #xyz tv3 fid bid
          -2.3087942528793786e+01  -5.9178832134605424e+00   0.0000000000000000e+00 #xyz tv0
          -2.3154439384998039e+01  -8.0586978897060408e+00   0.0000000000000000e+00 #xyz tv1
          -2.4489856691982634e+01  -6.4058070416073853e+00   3.5000000000000003e-02 #xyz tv2
          -2.3154439384998042e+01  -8.0586978897060391e+00   3.5000000000000003e-02 -1 98 #xyz tv3 fid bid
          -2.1074511550059423e+01  -7.3347973982398491e+00   3.5000000000000003e-02 #xyz tv0
          -2.3154439384998039e+01  -8.0586978897060408e+00   0.0000000000000000e+00 #xyz tv1
          -2.3154439384998042e+01  -8.0586978897060391e+00   3.5000000000000003e-02 1080 -1 #xyz tv2 fid bid
          -2.5958512899015947e+01  -9.0346308816142891e+00   0.0000000000000000e+00 #xyz tv0
          -2.3154439384998042e+01  -8.0586978897060391e+00   3.5000000000000003e-02 #xyz tv1
          -2.3154439384998039e+01  -8.0586978897060408e+00   0.0000000000000000e+00 1080 -1 #xyz tv2 fid bid
          -2.3154439384998039e+01  -8.0586978897060408e+00   0.0000000000000000e+00 #xyz ev0
          -2.3154439384998042e+01  -8.0586978897060391e+00   3.5000000000000003e-02 -1 98 #xyz ev1 fid bid
   0   0.000000000000e+00   0.000000000000e+00   0.000000000000e+00 #flag location
END_ERR 
G3dErrFileVersion 2025R1
FlagFileMetaData Begin
   Mesh Size - Setup1, Refinement, Pass #2, Freq. 9.150000e+08 :Title    
   Listing of mesh elements with poor quality. :ToolTip  
   hf3d :Author   
   1761265940 :TimeStamp
   mm :UnitName 
   1.0000000000000000e-03 :UnitConv
FlagFileMetaData End
BEGIN_ERR 
26 Small mesh segment detected on body : Cylinder1
 Small mesh segment detected on body : Cylinder1 
 Segment Statistics - Number of Segments : 1 --- Segment length(s) : 0.035000mm. The cutoff frequency for S-Matrix Only Solve is 731.201117073171kHz 
2 -1  1080  # nfids, fids[]
2 98  -1  # nbids, bids[]
      7 2 1 0 #ntets ntri ned npts
          -2.3154439384998039e+01  -8.0586978897060408e+00   0.0000000000000000e+00 #xyz tv0
          -2.3318749999999991e+01  -9.9184717850000119e+00  -1.4224732503009818e-14 #xyz tv1
          -2.5958512899015947e+01  -9.0346308816142891e+00   0.0000000000000000e+00 #xyz tv2
          -2.3154439384998042e+01  -8.0586978897060391e+00   3.5000000000000003e-02 -1 98 #xyz tv3 fid bid
          -2.3154439384998042e+01  -8.0586978897060391e+00   3.5000000000000003e-02 #xyz tv0
          -2.3154439384998039e+01  -8.0586978897060408e+00   0.0000000000000000e+00 #xyz tv1
          -2.5408187914582314e+01  -6.7254241033384634e+00   0.0000000000000000e+00 #xyz tv2
          -2.5958512899015947e+01  -9.0346308816142891e+00   0.0000000000000000e+00 -1 98 #xyz tv3 fid bid
          -2.3154439384998042e+01  -8.0586978897060391e+00   3.5000000000000003e-02 #xyz tv0
          -2.3318749999999991e+01  -9.9184717850000119e+00  -1.4224732503009818e-14 #xyz tv1
          -2.0961402098267826e+01  -7.2954306536990092e+00   3.5000000000000003e-02 #xyz tv2
          -2.3154439384998039e+01  -8.0586978897060408e+00   0.0000000000000000e+00 -1 98 #xyz tv3 fid bid
          -2.3197830499336025e+01  -5.9561287499292632e+00   0.0000000000000000e+00 #xyz tv0
          -2.1008014693751782e+01  -5.1939827221248560e+00   0.0000000000000000e+00 #xyz tv1
          -2.3154439384998039e+01  -8.0586978897060408e+00   0.0000000000000000e+00 #xyz tv2
          -2.3154439384998042e+01  -8.0586978897060391e+00   3.5000000000000003e-02 -1 98 #xyz tv3 fid bid
          -2.3154439384998042e+01  -8.0586978897060391e+00   3.5000000000000003e-02 #xyz tv0
          -2.5408187914582314e+01  -6.7254241033384634e+00   0.0000000000000000e+00 #xyz tv1
          -2.3154439384998039e+01  -8.0586978897060408e+00   0.0000000000000000e+00 #xyz tv2
          -2.4160170216675354e+01  -6.2910625791117187e+00   3.5000000000000003e-02 -1 98 #xyz tv3 fid bid
          -2.1008014693751782e+01  -5.1939827221248560e+00   0.0000000000000000e+00 #xyz tv0
          -2.3154439384998039e+01  -8.0586978897060408e+00   0.0000000000000000e+00 #xyz tv1
          -2.3154439384998042e+01  -8.0586978897060391e+00   3.5000000000000003e-02 #xyz tv2
          -2.0961402098267826e+01  -7.2954306536990092e+00   3.5000000000000003e-02 -1 98 #xyz tv3 fid bid
          -2.3197830499336025e+01  -5.9561287499292632e+00   0.0000000000000000e+00 #xyz tv0
          -2.3154439384998039e+01  -8.0586978897060408e+00   0.0000000000000000e+00 #xyz tv1
          -2.4160170216675354e+01  -6.2910625791117187e+00   3.5000000000000003e-02 #xyz tv2
          -2.3154439384998042e+01  -8.0586978897060391e+00   3.5000000000000003e-02 -1 98 #xyz tv3 fid bid
          -2.0961402098267826e+01  -7.2954306536990092e+00   3.5000000000000003e-02 #xyz tv0
          -2.3154439384998039e+01  -8.0586978897060408e+00   0.0000000000000000e+00 #xyz tv1
          -2.3154439384998042e+01  -8.0586978897060391e+00   3.5000000000000003e-02 1080 -1 #xyz tv2 fid bid
          -2.5958512899015947e+01  -9.0346308816142891e+00   0.0000000000000000e+00 #xyz tv0
          -2.3154439384998042e+01  -8.0586978897060391e+00   3.5000000000000003e-02 #xyz tv1
          -2.3154439384998039e+01  -8.0586978897060408e+00   0.0000000000000000e+00 1080 -1 #xyz tv2 fid bid
          -2.3154439384998039e+01  -8.0586978897060408e+00   0.0000000000000000e+00 #xyz ev0
          -2.3154439384998042e+01  -8.0586978897060391e+00   3.5000000000000003e-02 -1 98 #xyz ev1 fid bid
   0   0.000000000000e+00   0.000000000000e+00   0.000000000000e+00 #flag location
END_ERR 
G3dErrFileVersion 2025R1
FlagFileMetaData Begin
   Mesh Size - Setup1, Refinement, Pass #3, Freq. 9.150000e+08 :Title    
   Listing of mesh elements with poor quality. :ToolTip  
   hf3d :Author   
   1761265944 :TimeStamp
   mm :UnitName 
   1.0000000000000000e-03 :UnitConv
FlagFileMetaData End
BEGIN_ERR 
26 Small mesh segment detected on body : Cylinder1
 Small mesh segment detected on body : Cylinder1 
 Segment Statistics - Number of Segments : 1 --- Segment length(s) : 0.035000mm. The cutoff frequency for S-Matrix Only Solve is 731.201117073171kHz 
2 -1  1080  # nfids, fids[]
2 98  -1  # nbids, bids[]
      6 2 1 0 #ntets ntri ned npts
           3.1826022015750201e+01   5.3916949966198313e+00  -6.4635584577777762e-20 #xyz tv0
           3.0475104750320227e+01   1.0606590734507416e+01   3.5000000000000003e-02 #xyz tv1
           2.7336281252942960e+01   5.9217156112129938e+00  -1.2927116915555552e-19 #xyz tv2
           3.0475104750320252e+01   1.0606590734507421e+01   0.0000000000000000e+00 -1 98 #xyz tv3 fid bid
           3.2555032585258864e+01   1.1330491225973615e+01   3.5000000000000003e-02 #xyz tv0
           3.0475104750320227e+01   1.0606590734507416e+01   3.5000000000000003e-02 #xyz tv1
           3.1826022015750201e+01   5.3916949966198313e+00  -6.4635584577777762e-20 #xyz tv2
           3.0475104750320252e+01   1.0606590734507421e+01   0.0000000000000000e+00 -1 98 #xyz tv3 fid bid
           2.7671276423915383e+01   9.6307430779798544e+00   3.5000000000000003e-02 #xyz tv0
           3.0475104750320252e+01   1.0606590734507421e+01   0.0000000000000000e+00 #xyz tv1
           2.7336281252942960e+01   5.9217156112129938e+00  -1.2927116915555552e-19 #xyz tv2
           3.0475104750320227e+01   1.0606590734507416e+01   3.5000000000000003e-02 -1 98 #xyz tv3 fid bid
           3.2555032585258864e+01   1.1330491225973615e+01   3.5000000000000003e-02 #xyz tv0
           3.0475104750320252e+01   1.0606590734507421e+01   0.0000000000000000e+00 #xyz tv1
           3.0541601607857860e+01   1.2747405406924210e+01   3.5000000000000003e-02 #xyz tv2
           3.0475104750320227e+01   1.0606590734507416e+01   3.5000000000000003e-02 -1 98 #xyz tv3 fid bid
           2.7671276423915383e+01   9.6307430779798544e+00   3.5000000000000003e-02 #xyz tv0
           2.7779835082942281e+01   1.1786196988700189e+01   3.5000000000000003e-02 #xyz tv1
           3.0475104750320252e+01   1.0606590734507421e+01   0.0000000000000000e+00 #xyz tv2
           3.0475104750320227e+01   1.0606590734507416e+01   3.5000000000000003e-02 -1 98 #xyz tv3 fid bid
           3.0475104750320252e+01   1.0606590734507421e+01   0.0000000000000000e+00 #xyz tv0
           2.7779835082942281e+01   1.1786196988700189e+01   3.5000000000000003e-02 #xyz tv1
           3.0541601607857860e+01   1.2747405406924210e+01   3.5000000000000003e-02 #xyz tv2
           3.0475104750320227e+01   1.0606590734507416e+01   3.5000000000000003e-02 -1 98 #xyz tv3 fid bid
           3.2555032585258864e+01   1.1330491225973615e+01   3.5000000000000003e-02 #xyz tv0
           3.0475104750320252e+01   1.0606590734507421e+01   0.0000000000000000e+00 #xyz tv1
           3.0475104750320227e+01   1.0606590734507416e+01   3.5000000000000003e-02 1080 -1 #xyz tv2 fid bid
           3.0475104750320252e+01   1.0606590734507421e+01   0.0000000000000000e+00 #xyz tv0
           2.7671276423915383e+01   9.6307430779798544e+00   3.5000000000000003e-02 #xyz tv1
           3.0475104750320227e+01   1.0606590734507416e+01   3.5000000000000003e-02 1080 -1 #xyz tv2 fid bid
           3.0475104750320252e+01   1.0606590734507421e+01   0.0000000000000000e+00 #xyz ev0
           3.0475104750320227e+01   1.0606590734507416e+01   3.5000000000000003e-02 -1 98 #xyz ev1 fid bid
   0   0.000000000000e+00   0.000000000000e+00   0.000000000000e+00 #flag location
END_ERR 
G3dErrFileVersion 2025R1
FlagFileMetaData Begin
   Mesh Size - Setup1, Refinement, Pass #4, Freq. 9.150000e+08 :Title    
   Listing of mesh elements with poor quality. :ToolTip  
   hf3d :Author   
   1761265947 :TimeStamp
   mm :UnitName 
   1.0000000000000000e-03 :UnitConv
FlagFileMetaData End
BEGIN_ERR 
26 Small mesh segment detected on body : Cylinder1
 Small mesh segment detected on body : Cylinder1 
 Segment Statistics - Number of Segments : 1 --- Segment length(s) : 0.035000mm. The cutoff frequency for S-Matrix Only Solve is 731.201117073171kHz 
2 -1  1080  # nfids, fids[]
2 98  -1  # nbids, bids[]
      7 2 1 0 #ntets ntri ned npts
           3.2000703457618002e+01   5.9799226704976229e+00  -2.1526034243409838e-19 #xyz tv0
           3.0475104750320227e+01   1.0606590734507416e+01   3.5000000000000003e-02 #xyz tv1
           2.7435961967172538e+01   6.4183932839306905e+00  -2.7015492598093362e-19 #xyz tv2
           3.0475104750320252e+01   1.0606590734507421e+01   0.0000000000000000e+00 -1 98 #xyz tv3 fid bid
           2.7671276423915383e+01   9.6307430779798544e+00   3.5000000000000003e-02 #xyz tv0
           3.0475104750320252e+01   1.0606590734507421e+01   0.0000000000000000e+00 #xyz tv1
           2.7435961967172538e+01   6.4183932839306905e+00  -2.7015492598093362e-19 #xyz tv2
           3.0475104750320227e+01   1.0606590734507416e+01   3.5000000000000003e-02 -1 98 #xyz tv3 fid bid
           3.4279636037260943e+01   9.9293210564410899e+00  -1.1005655510364974e-20 #xyz tv0
           3.0475104750320252e+01   1.0606590734507421e+01   0.0000000000000000e+00 #xyz tv1
           3.0475104750320227e+01   1.0606590734507416e+01   3.5000000000000003e-02 #xyz tv2
           3.2000703457618002e+01   5.9799226704976229e+00  -2.1526034243409838e-19 -1 98 #xyz tv3 fid bid
           2.7671276423915383e+01   9.6307430779798544e+00   3.5000000000000003e-02 #xyz tv0
           2.7779835082942281e+01   1.1786196988700189e+01   3.5000000000000003e-02 #xyz tv1
           3.0475104750320252e+01   1.0606590734507421e+01   0.0000000000000000e+00 #xyz tv2
           3.0475104750320227e+01   1.0606590734507416e+01   3.5000000000000003e-02 -1 98 #xyz tv3 fid bid
           3.4279636037260943e+01   9.9293210564410899e+00  -1.1005655510364974e-20 #xyz tv0
           3.0475104750320227e+01   1.0606590734507416e+01   3.5000000000000003e-02 #xyz tv1
           3.0475104750320252e+01   1.0606590734507421e+01   0.0000000000000000e+00 #xyz tv2
           3.2555032585258864e+01   1.1330491225973615e+01   3.5000000000000003e-02 -1 98 #xyz tv3 fid bid
           3.0475104750320252e+01   1.0606590734507421e+01   0.0000000000000000e+00 #xyz tv0
           2.7779835082942281e+01   1.1786196988700189e+01   3.5000000000000003e-02 #xyz tv1
           3.0541601607857860e+01   1.2747405406924210e+01   3.5000000000000003e-02 #xyz tv2
           3.0475104750320227e+01   1.0606590734507416e+01   3.5000000000000003e-02 -1 98 #xyz tv3 fid bid
           3.2555032585258864e+01   1.1330491225973615e+01   3.5000000000000003e-02 #xyz tv0
           3.0475104750320252e+01   1.0606590734507421e+01   0.0000000000000000e+00 #xyz tv1
           3.0541601607857860e+01   1.2747405406924210e+01   3.5000000000000003e-02 #xyz tv2
           3.0475104750320227e+01   1.0606590734507416e+01   3.5000000000000003e-02 -1 98 #xyz tv3 fid bid
           3.2555032585258864e+01   1.1330491225973615e+01   3.5000000000000003e-02 #xyz tv0
           3.0475104750320252e+01   1.0606590734507421e+01   0.0000000000000000e+00 #xyz tv1
           3.0475104750320227e+01   1.0606590734507416e+01   3.5000000000000003e-02 1080 -1 #xyz tv2 fid bid
           3.0475104750320252e+01   1.0606590734507421e+01   0.0000000000000000e+00 #xyz tv0
           2.7671276423915383e+01   9.6307430779798544e+00   3.5000000000000003e-02 #xyz tv1
           3.0475104750320227e+01   1.0606590734507416e+01   3.5000000000000003e-02 1080 -1 #xyz tv2 fid bid
           3.0475104750320252e+01   1.0606590734507421e+01   0.0000000000000000e+00 #xyz ev0
           3.0475104750320227e+01   1.0606590734507416e+01   3.5000000000000003e-02 -1 98 #xyz ev1 fid bid
   0   0.000000000000e+00   0.000000000000e+00   0.000000000000e+00 #flag location
END_ERR 
G3dErrFileVersion 2025R1
FlagFileMetaData Begin
   Mesh Size - Setup1, Refinement, Pass #5, Freq. 9.150000e+08 :Title    
   Listing of mesh elements with poor quality. :ToolTip  
   hf3d :Author   
   1761265951 :TimeStamp
   mm :UnitName 
   1.0000000000000000e-03 :UnitConv
FlagFileMetaData End
BEGIN_ERR 
26 Small mesh segment detected on body : Box8
 Small mesh segment detected on body : Box8 
 Segment Statistics - Number of Segments : 1 --- Segment length(s) : 0.035000mm. The cutoff frequency for S-Matrix Only Solve is 731.201117073171kHz 
2 -1  1080  # nfids, fids[]
2 1077  -1  # nbids, bids[]
      6 2 1 0 #ntets ntri ned npts
           3.0475104750320252e+01   1.0606590734507421e+01   0.0000000000000000e+00 #xyz tv0
           2.7779835082942281e+01   1.1786196988700189e+01   3.5000000000000003e-02 #xyz tv1
           3.0541601607857860e+01   1.2747405406924210e+01   3.5000000000000003e-02 #xyz tv2
           3.0475104750320227e+01   1.0606590734507416e+01   3.5000000000000003e-02 -1 1077 #xyz tv3 fid bid
           2.7671276423915383e+01   9.6307430779798544e+00   3.5000000000000003e-02 #xyz tv0
           2.7779835082942281e+01   1.1786196988700189e+01   3.5000000000000003e-02 #xyz tv1
           3.0475104750320252e+01   1.0606590734507421e+01   0.0000000000000000e+00 #xyz tv2
           3.0475104750320227e+01   1.0606590734507416e+01   3.5000000000000003e-02 -1 1077 #xyz tv3 fid bid
           2.7671276423915383e+01   9.6307430779798544e+00   3.5000000000000003e-02 #xyz tv0
           2.8955533358746397e+01   8.5124920092190557e+00  -1.3507746299046681e-19 #xyz tv1
           3.0475104750320227e+01   1.0606590734507416e+01   3.5000000000000003e-02 #xyz tv2
           3.0475104750320252e+01   1.0606590734507421e+01   0.0000000000000000e+00 -1 1077 #xyz tv3 fid bid
           3.2555032585258864e+01   1.1330491225973615e+01   3.5000000000000003e-02 #xyz tv0
           3.0475104750320252e+01   1.0606590734507421e+01   0.0000000000000000e+00 #xyz tv1
           3.0541601607857860e+01   1.2747405406924210e+01   3.5000000000000003e-02 #xyz tv2
           3.0475104750320227e+01   1.0606590734507416e+01   3.5000000000000003e-02 -1 1077 #xyz tv3 fid bid
           3.0475104750320252e+01   1.0606590734507421e+01   0.0000000000000000e+00 #xyz tv0
           3.1829063497404402e+01   9.0386464749657804e+00   6.3080809187471687e-01 #xyz tv1
           2.8955533358746397e+01   8.5124920092190557e+00  -1.3507746299046681e-19 #xyz tv2
           3.0475104750320227e+01   1.0606590734507416e+01   3.5000000000000003e-02 -1 1077 #xyz tv3 fid bid
           3.2555032585258864e+01   1.1330491225973615e+01   3.5000000000000003e-02 #xyz tv0
           3.1829063497404402e+01   9.0386464749657804e+00   6.3080809187471687e-01 #xyz tv1
           3.0475104750320252e+01   1.0606590734507421e+01   0.0000000000000000e+00 #xyz tv2
           3.0475104750320227e+01   1.0606590734507416e+01   3.5000000000000003e-02 -1 1077 #xyz tv3 fid bid
           3.2555032585258864e+01   1.1330491225973615e+01   3.5000000000000003e-02 #xyz tv0
           3.0475104750320252e+01   1.0606590734507421e+01   0.0000000000000000e+00 #xyz tv1
           3.0475104750320227e+01   1.0606590734507416e+01   3.5000000000000003e-02 1080 -1 #xyz tv2 fid bid
           3.0475104750320252e+01   1.0606590734507421e+01   0.0000000000000000e+00 #xyz tv0
           2.7671276423915383e+01   9.6307430779798544e+00   3.5000000000000003e-02 #xyz tv1
           3.0475104750320227e+01   1.0606590734507416e+01   3.5000000000000003e-02 1080 -1 #xyz tv2 fid bid
           3.0475104750320252e+01   1.0606590734507421e+01   0.0000000000000000e+00 #xyz ev0
           3.0475104750320227e+01   1.0606590734507416e+01   3.5000000000000003e-02 -1 1077 #xyz ev1 fid bid
   0   0.000000000000e+00   0.000000000000e+00   0.000000000000e+00 #flag location
END_ERR 
