G3dErrFileVersion 2025R1
FlagFileMetaData Begin
   Mesh Size - Setup1, Refinement, Pass #1, Freq. 9.150000e+08 :Title    
   Listing of mesh elements with poor quality. :ToolTip  
   hf3d :Author   
   1761268007 :TimeStamp
   mm :UnitName 
   1.0000000000000000e-03 :UnitConv
FlagFileMetaData End
BEGIN_ERR 
26 Small mesh segment detected on body : Box8
 Small mesh segment detected on body : Box8 
 Segment Statistics - Number of Segments : 1 --- Segment length(s) : 0.035000mm. The cutoff frequency for S-Matrix Only Solve is 731.201117073171kHz 
2 -1  1080  # nfids, fids[]
2 1077  -1  # nbids, bids[]
      5 2 1 0 #ntets ntri ned npts
           3.4996910666357167e+01   1.2180365298741750e+01   3.5000000000000003e-02 #xyz tv0
           3.5063407524049722e+01   1.4321179970835985e+01   0.0000000000000000e+00 #xyz tv1
           3.2646249999999988e+01   1.3400278214999986e+01  -7.1123662515049091e-15 #xyz tv2
           3.4996910666357159e+01   1.2180365298741746e+01   0.0000000000000000e+00 -1 1077 #xyz tv3 fid bid
           3.4996910666357167e+01   1.2180365298741750e+01   3.5000000000000003e-02 #xyz tv0
           3.6660151690000021e+01   1.2759241630000005e+01   3.5000000000000003e-02 #xyz tv1
           3.5063407524049722e+01   1.4321179970835985e+01   0.0000000000000000e+00 #xyz tv2
           3.4996910666357159e+01   1.2180365298741746e+01   0.0000000000000000e+00 -1 1077 #xyz tv3 fid bid
           3.4996910666357159e+01   1.2180365298741746e+01   0.0000000000000000e+00 #xyz tv0
           3.2646249999999988e+01   1.3400278214999986e+01  -7.1123662515049091e-15 #xyz tv1
           3.4996910666357167e+01   1.2180365298741750e+01   3.5000000000000003e-02 #xyz tv2
           3.2591046755854777e+01   1.1343025638270923e+01   0.0000000000000000e+00 -1 1077 #xyz tv3 fid bid
           3.6660151690000021e+01   1.2759241630000005e+01   3.5000000000000003e-02 #xyz tv0
           3.4978124999999991e+01   1.1068403214999986e+01   0.0000000000000000e+00 #xyz tv1
           3.4996910666357159e+01   1.2180365298741746e+01   0.0000000000000000e+00 #xyz tv2
           3.4996910666357167e+01   1.2180365298741750e+01   3.5000000000000003e-02 -1 1077 #xyz tv3 fid bid
           3.4978124999999991e+01   1.1068403214999986e+01   0.0000000000000000e+00 #xyz tv0
           3.2591046755854777e+01   1.1343025638270923e+01   0.0000000000000000e+00 #xyz tv1
           3.4996910666357159e+01   1.2180365298741746e+01   0.0000000000000000e+00 #xyz tv2
           3.4996910666357167e+01   1.2180365298741750e+01   3.5000000000000003e-02 -1 1077 #xyz tv3 fid bid
           3.4996910666357167e+01   1.2180365298741750e+01   3.5000000000000003e-02 #xyz tv0
           3.4996910666357159e+01   1.2180365298741746e+01   0.0000000000000000e+00 #xyz tv1
           3.2591046755854777e+01   1.1343025638270923e+01   0.0000000000000000e+00 1080 -1 #xyz tv2 fid bid
           3.4996910666357167e+01   1.2180365298741750e+01   3.5000000000000003e-02 #xyz tv0
           3.6660151690000021e+01   1.2759241630000005e+01   3.5000000000000003e-02 #xyz tv1
           3.4996910666357159e+01   1.2180365298741746e+01   0.0000000000000000e+00 1080 -1 #xyz tv2 fid bid
           3.4996910666357167e+01   1.2180365298741750e+01   3.5000000000000003e-02 #xyz ev0
           3.4996910666357159e+01   1.2180365298741746e+01   0.0000000000000000e+00 -1 1077 #xyz ev1 fid bid
   0   0.000000000000e+00   0.000000000000e+00   0.000000000000e+00 #flag location
END_ERR 
G3dErrFileVersion 2025R1
FlagFileMetaData Begin
   Mesh Size - Setup1, Refinement, Pass #2, Freq. 9.150000e+08 :Title    
   Listing of mesh elements with poor quality. :ToolTip  
   hf3d :Author   
   1761268010 :TimeStamp
   mm :UnitName 
   1.0000000000000000e-03 :UnitConv
FlagFileMetaData End
BEGIN_ERR 
26 Small mesh segment detected on body : Box8
 Small mesh segment detected on body : Box8 
 Segment Statistics - Number of Segments : 1 --- Segment length(s) : 0.035000mm. The cutoff frequency for S-Matrix Only Solve is 731.201117073171kHz 
2 -1  1080  # nfids, fids[]
2 1077  -1  # nbids, bids[]
      5 2 1 0 #ntets ntri ned npts
           3.4996910666357167e+01   1.2180365298741750e+01   3.5000000000000003e-02 #xyz tv0
           3.5063407524049722e+01   1.4321179970835985e+01   0.0000000000000000e+00 #xyz tv1
           3.2646249999999988e+01   1.3400278214999986e+01  -7.1123662515049091e-15 #xyz tv2
           3.4996910666357167e+01   1.2180365298741746e+01   0.0000000000000000e+00 -1 1077 #xyz tv3 fid bid
           3.4996910666357167e+01   1.2180365298741750e+01   3.5000000000000003e-02 #xyz tv0
           3.6660151690000028e+01   1.2759241630000007e+01   3.5000000000000003e-02 #xyz tv1
           3.5063407524049722e+01   1.4321179970835985e+01   0.0000000000000000e+00 #xyz tv2
           3.4996910666357167e+01   1.2180365298741746e+01   0.0000000000000000e+00 -1 1077 #xyz tv3 fid bid
           3.4996910666357167e+01   1.2180365298741746e+01   0.0000000000000000e+00 #xyz tv0
           3.2646249999999988e+01   1.3400278214999986e+01  -7.1123662515049091e-15 #xyz tv1
           3.4996910666357167e+01   1.2180365298741750e+01   3.5000000000000003e-02 #xyz tv2
           3.2591046755854777e+01   1.1343025638270923e+01   0.0000000000000000e+00 -1 1077 #xyz tv3 fid bid
           3.6660151690000028e+01   1.2759241630000007e+01   3.5000000000000003e-02 #xyz tv0
           3.5323408563102930e+01   1.1134270153205510e+01   0.0000000000000000e+00 #xyz tv1
           3.4996910666357167e+01   1.2180365298741746e+01   0.0000000000000000e+00 #xyz tv2
           3.4996910666357167e+01   1.2180365298741750e+01   3.5000000000000003e-02 -1 1077 #xyz tv3 fid bid
           3.5323408563102930e+01   1.1134270153205510e+01   0.0000000000000000e+00 #xyz tv0
           3.2591046755854777e+01   1.1343025638270923e+01   0.0000000000000000e+00 #xyz tv1
           3.4996910666357167e+01   1.2180365298741746e+01   0.0000000000000000e+00 #xyz tv2
           3.4996910666357167e+01   1.2180365298741750e+01   3.5000000000000003e-02 -1 1077 #xyz tv3 fid bid
           3.4996910666357167e+01   1.2180365298741750e+01   3.5000000000000003e-02 #xyz tv0
           3.4996910666357167e+01   1.2180365298741746e+01   0.0000000000000000e+00 #xyz tv1
           3.2591046755854777e+01   1.1343025638270923e+01   0.0000000000000000e+00 1080 -1 #xyz tv2 fid bid
           3.4996910666357167e+01   1.2180365298741750e+01   3.5000000000000003e-02 #xyz tv0
           3.6660151690000028e+01   1.2759241630000007e+01   3.5000000000000003e-02 #xyz tv1
           3.4996910666357167e+01   1.2180365298741746e+01   0.0000000000000000e+00 1080 -1 #xyz tv2 fid bid
           3.4996910666357167e+01   1.2180365298741750e+01   3.5000000000000003e-02 #xyz ev0
           3.4996910666357167e+01   1.2180365298741746e+01   0.0000000000000000e+00 -1 1077 #xyz ev1 fid bid
   0   0.000000000000e+00   0.000000000000e+00   0.000000000000e+00 #flag location
END_ERR 
G3dErrFileVersion 2025R1
FlagFileMetaData Begin
   Mesh Size - Setup1, Refinement, Pass #3, Freq. 9.150000e+08 :Title    
   Listing of mesh elements with poor quality. :ToolTip  
   hf3d :Author   
   1761268013 :TimeStamp
   mm :UnitName 
   1.0000000000000000e-03 :UnitConv
FlagFileMetaData End
BEGIN_ERR 
26 Small mesh segment detected on body : Box8
 Small mesh segment detected on body : Box8 
 Segment Statistics - Number of Segments : 1 --- Segment length(s) : 0.035000mm. The cutoff frequency for S-Matrix Only Solve is 731.201117073171kHz 
2 -1  1080  # nfids, fids[]
2 1077  -1  # nbids, bids[]
      6 2 1 0 #ntets ntri ned npts
           3.4996910666357167e+01   1.2180365298741750e+01   3.5000000000000003e-02 #xyz tv0
           3.2694841295777849e+01   1.3496821438919961e+01   0.0000000000000000e+00 #xyz tv1
           3.4996910666357167e+01   1.2180365298741746e+01   0.0000000000000000e+00 #xyz tv2
           3.5063407524049722e+01   1.4321179970835985e+01   0.0000000000000000e+00 -1 1077 #xyz tv3 fid bid
           3.4996910666357167e+01   1.2180365298741750e+01   3.5000000000000003e-02 #xyz tv0
           3.4996910666357167e+01   1.2180365298741746e+01   0.0000000000000000e+00 #xyz tv1
           3.2694841295777849e+01   1.3496821438919961e+01   0.0000000000000000e+00 #xyz tv2
           3.2646249999999988e+01   1.3400278214999986e+01  -7.1123662515049091e-15 -1 1077 #xyz tv3 fid bid
           3.4996910666357167e+01   1.2180365298741750e+01   3.5000000000000003e-02 #xyz tv0
           3.6660151690000035e+01   1.2759241630000009e+01   3.5000000000000003e-02 #xyz tv1
           3.5063407524049722e+01   1.4321179970835985e+01   0.0000000000000000e+00 #xyz tv2
           3.4996910666357167e+01   1.2180365298741746e+01   0.0000000000000000e+00 -1 1077 #xyz tv3 fid bid
           3.4996910666357167e+01   1.2180365298741746e+01   0.0000000000000000e+00 #xyz tv0
           3.2646249999999988e+01   1.3400278214999986e+01  -7.1123662515049091e-15 #xyz tv1
           3.4996910666357167e+01   1.2180365298741750e+01   3.5000000000000003e-02 #xyz tv2
           3.2591046755854777e+01   1.1343025638270923e+01   0.0000000000000000e+00 -1 1077 #xyz tv3 fid bid
           3.6660151690000035e+01   1.2759241630000009e+01   3.5000000000000003e-02 #xyz tv0
           3.5477948986214543e+01   1.1148787828022471e+01   0.0000000000000000e+00 #xyz tv1
           3.4996910666357167e+01   1.2180365298741746e+01   0.0000000000000000e+00 #xyz tv2
           3.4996910666357167e+01   1.2180365298741750e+01   3.5000000000000003e-02 -1 1077 #xyz tv3 fid bid
           3.5477948986214543e+01   1.1148787828022471e+01   0.0000000000000000e+00 #xyz tv0
           3.2591046755854777e+01   1.1343025638270923e+01   0.0000000000000000e+00 #xyz tv1
           3.4996910666357167e+01   1.2180365298741746e+01   0.0000000000000000e+00 #xyz tv2
           3.4996910666357167e+01   1.2180365298741750e+01   3.5000000000000003e-02 -1 1077 #xyz tv3 fid bid
           3.4996910666357167e+01   1.2180365298741750e+01   3.5000000000000003e-02 #xyz tv0
           3.4996910666357167e+01   1.2180365298741746e+01   0.0000000000000000e+00 #xyz tv1
           3.2591046755854777e+01   1.1343025638270923e+01   0.0000000000000000e+00 1080 -1 #xyz tv2 fid bid
           3.4996910666357167e+01   1.2180365298741750e+01   3.5000000000000003e-02 #xyz tv0
           3.6660151690000035e+01   1.2759241630000009e+01   3.5000000000000003e-02 #xyz tv1
           3.4996910666357167e+01   1.2180365298741746e+01   0.0000000000000000e+00 1080 -1 #xyz tv2 fid bid
           3.4996910666357167e+01   1.2180365298741750e+01   3.5000000000000003e-02 #xyz ev0
           3.4996910666357167e+01   1.2180365298741746e+01   0.0000000000000000e+00 -1 1077 #xyz ev1 fid bid
   0   0.000000000000e+00   0.000000000000e+00   0.000000000000e+00 #flag location
END_ERR 
G3dErrFileVersion 2025R1
FlagFileMetaData Begin
   Mesh Size - Setup1, Refinement, Pass #4, Freq. 9.150000e+08 :Title    
   Listing of mesh elements with poor quality. :ToolTip  
   hf3d :Author   
   1761268016 :TimeStamp
   mm :UnitName 
   1.0000000000000000e-03 :UnitConv
FlagFileMetaData End
BEGIN_ERR 
26 Small mesh segment detected on body : Box8
 Small mesh segment detected on body : Box8 
 Segment Statistics - Number of Segments : 1 --- Segment length(s) : 0.035000mm. The cutoff frequency for S-Matrix Only Solve is 731.201117073171kHz 
2 -1  1080  # nfids, fids[]
2 1077  -1  # nbids, bids[]
      7 2 1 0 #ntets ntri ned npts
           3.4996910666357167e+01   1.2180365298741750e+01   3.5000000000000003e-02 #xyz tv0
           3.2694841295777849e+01   1.3496821438919961e+01   0.0000000000000000e+00 #xyz tv1
           3.4996910666357167e+01   1.2180365298741746e+01   0.0000000000000000e+00 #xyz tv2
           3.5063407524049722e+01   1.4321179970835985e+01   0.0000000000000000e+00 -1 1077 #xyz tv3 fid bid
           3.4996910666357167e+01   1.2180365298741750e+01   3.5000000000000003e-02 #xyz tv0
           3.4996910666357167e+01   1.2180365298741746e+01   0.0000000000000000e+00 #xyz tv1
           3.2694841295777849e+01   1.3496821438919961e+01   0.0000000000000000e+00 #xyz tv2
           3.2646249999999988e+01   1.3400278214999986e+01  -7.1123662515049091e-15 -1 1077 #xyz tv3 fid bid
           3.4996910666357167e+01   1.2180365298741750e+01   3.5000000000000003e-02 #xyz tv0
           3.6660151690000035e+01   1.2759241630000011e+01   3.5000000000000003e-02 #xyz tv1
           3.5063407524049722e+01   1.4321179970835985e+01   0.0000000000000000e+00 #xyz tv2
           3.4996910666357167e+01   1.2180365298741746e+01   0.0000000000000000e+00 -1 1077 #xyz tv3 fid bid
           3.4996910666357167e+01   1.2180365298741746e+01   0.0000000000000000e+00 #xyz tv0
           3.2646249999999988e+01   1.3400278214999986e+01  -7.1123662515049091e-15 #xyz tv1
           3.4996910666357167e+01   1.2180365298741750e+01   3.5000000000000003e-02 #xyz tv2
           3.2591046755854777e+01   1.1343025638270923e+01   0.0000000000000000e+00 -1 1077 #xyz tv3 fid bid
           3.4996910666357167e+01   1.2180365298741750e+01   3.5000000000000003e-02 #xyz tv0
           3.4996910666357167e+01   1.2180365298741746e+01   0.0000000000000000e+00 #xyz tv1
           3.6014310965402423e+01   1.1792679892615132e+01   0.0000000000000000e+00 #xyz tv2
           3.6660151690000035e+01   1.2759241630000011e+01   3.5000000000000003e-02 -1 1077 #xyz tv3 fid bid
           3.5406576542247947e+01   1.0856508514589549e+01   0.0000000000000000e+00 #xyz tv0
           3.2591046755854777e+01   1.1343025638270923e+01   0.0000000000000000e+00 #xyz tv1
           3.4996910666357167e+01   1.2180365298741746e+01   0.0000000000000000e+00 #xyz tv2
           3.4996910666357167e+01   1.2180365298741750e+01   3.5000000000000003e-02 -1 1077 #xyz tv3 fid bid
           3.4996910666357167e+01   1.2180365298741750e+01   3.5000000000000003e-02 #xyz tv0
           3.6014310965402423e+01   1.1792679892615132e+01   0.0000000000000000e+00 #xyz tv1
           3.4996910666357167e+01   1.2180365298741746e+01   0.0000000000000000e+00 #xyz tv2
           3.5406576542247947e+01   1.0856508514589549e+01   0.0000000000000000e+00 -1 1077 #xyz tv3 fid bid
           3.4996910666357167e+01   1.2180365298741750e+01   3.5000000000000003e-02 #xyz tv0
           3.4996910666357167e+01   1.2180365298741746e+01   0.0000000000000000e+00 #xyz tv1
           3.2591046755854777e+01   1.1343025638270923e+01   0.0000000000000000e+00 1080 -1 #xyz tv2 fid bid
           3.4996910666357167e+01   1.2180365298741750e+01   3.5000000000000003e-02 #xyz tv0
           3.6660151690000035e+01   1.2759241630000011e+01   3.5000000000000003e-02 #xyz tv1
           3.4996910666357167e+01   1.2180365298741746e+01   0.0000000000000000e+00 1080 -1 #xyz tv2 fid bid
           3.4996910666357167e+01   1.2180365298741750e+01   3.5000000000000003e-02 #xyz ev0
           3.4996910666357167e+01   1.2180365298741746e+01   0.0000000000000000e+00 -1 1077 #xyz ev1 fid bid
   0   0.000000000000e+00   0.000000000000e+00   0.000000000000e+00 #flag location
END_ERR 
G3dErrFileVersion 2025R1
FlagFileMetaData Begin
   Mesh Size - Setup1, Refinement, Pass #5, Freq. 9.150000e+08 :Title    
   Listing of mesh elements with poor quality. :ToolTip  
   hf3d :Author   
   1761268019 :TimeStamp
   mm :UnitName 
   1.0000000000000000e-03 :UnitConv
FlagFileMetaData End
BEGIN_ERR 
26 Small mesh segment detected on body : Box8
 Small mesh segment detected on body : Box8 
 Segment Statistics - Number of Segments : 1 --- Segment length(s) : 0.035000mm. The cutoff frequency for S-Matrix Only Solve is 731.201117073171kHz 
2 -1  1080  # nfids, fids[]
2 1077  -1  # nbids, bids[]
      7 2 1 0 #ntets ntri ned npts
           3.5063407524049722e+01   1.4321179970835985e+01   0.0000000000000000e+00 #xyz tv0
           3.4996910666357167e+01   1.2180365298741750e+01   3.5000000000000003e-02 #xyz tv1
           3.5828531178178601e+01   1.2469803464370878e+01   0.0000000000000000e+00 #xyz tv2
           3.4996910666357167e+01   1.2180365298741746e+01   0.0000000000000000e+00 -1 1077 #xyz tv3 fid bid
           3.4996910666357167e+01   1.2180365298741750e+01   3.5000000000000003e-02 #xyz tv0
           3.6040230037409529e+01   1.1790879644090941e+01   0.0000000000000000e+00 #xyz tv1
           3.5828531178178601e+01   1.2469803464370878e+01   0.0000000000000000e+00 #xyz tv2
           3.4996910666357167e+01   1.2180365298741746e+01   0.0000000000000000e+00 -1 1077 #xyz tv3 fid bid
           3.5063407524049722e+01   1.4321179970835985e+01   0.0000000000000000e+00 #xyz tv0
           3.2694841295777849e+01   1.3496821438919961e+01   0.0000000000000000e+00 #xyz tv1
           3.4996910666357167e+01   1.2180365298741750e+01   3.5000000000000003e-02 #xyz tv2
           3.4996910666357167e+01   1.2180365298741746e+01   0.0000000000000000e+00 -1 1077 #xyz tv3 fid bid
           3.4996910666357167e+01   1.2180365298741750e+01   3.5000000000000003e-02 #xyz tv0
           3.6040230037409529e+01   1.1790879644090941e+01   0.0000000000000000e+00 #xyz tv1
           3.4996910666357167e+01   1.2180365298741746e+01   0.0000000000000000e+00 #xyz tv2
           3.5329601406809338e+01   1.0713963803879977e+01   0.0000000000000000e+00 -1 1077 #xyz tv3 fid bid
           3.4996910666357167e+01   1.2180365298741750e+01   3.5000000000000003e-02 #xyz tv0
           3.4996910666357167e+01   1.2180365298741746e+01   0.0000000000000000e+00 #xyz tv1
           3.2694841295777849e+01   1.3496821438919961e+01   0.0000000000000000e+00 #xyz tv2
           3.2646249999999988e+01   1.3400278214999986e+01  -7.1123662515049091e-15 -1 1077 #xyz tv3 fid bid
           3.5329601406809338e+01   1.0713963803879977e+01   0.0000000000000000e+00 #xyz tv0
           3.2591046755854777e+01   1.1343025638270923e+01   0.0000000000000000e+00 #xyz tv1
           3.4996910666357167e+01   1.2180365298741746e+01   0.0000000000000000e+00 #xyz tv2
           3.4996910666357167e+01   1.2180365298741750e+01   3.5000000000000003e-02 -1 1077 #xyz tv3 fid bid
           3.4996910666357167e+01   1.2180365298741746e+01   0.0000000000000000e+00 #xyz tv0
           3.2646249999999988e+01   1.3400278214999986e+01  -7.1123662515049091e-15 #xyz tv1
           3.4996910666357167e+01   1.2180365298741750e+01   3.5000000000000003e-02 #xyz tv2
           3.2591046755854777e+01   1.1343025638270923e+01   0.0000000000000000e+00 -1 1077 #xyz tv3 fid bid
           3.4996910666357167e+01   1.2180365298741750e+01   3.5000000000000003e-02 #xyz tv0
           3.4996910666357167e+01   1.2180365298741746e+01   0.0000000000000000e+00 #xyz tv1
           3.2591046755854777e+01   1.1343025638270923e+01   0.0000000000000000e+00 1080 -1 #xyz tv2 fid bid
           3.4996910666357167e+01   1.2180365298741750e+01   3.5000000000000003e-02 #xyz tv0
           3.5828531178178601e+01   1.2469803464370878e+01   0.0000000000000000e+00 #xyz tv1
           3.4996910666357167e+01   1.2180365298741746e+01   0.0000000000000000e+00 1080 -1 #xyz tv2 fid bid
           3.4996910666357167e+01   1.2180365298741750e+01   3.5000000000000003e-02 #xyz ev0
           3.4996910666357167e+01   1.2180365298741746e+01   0.0000000000000000e+00 -1 1077 #xyz ev1 fid bid
   0   0.000000000000e+00   0.000000000000e+00   0.000000000000e+00 #flag location
END_ERR 
